0.75 0.838626 
0.859123 0.713626 
0.859123 0.838626 
0.0773687 0.911374 
0.218246 0.875 
0.218246 1 
0.859123 0.713626 
0.75 0.838626 
0.718246 0.677251 
0.218246 0.375 
0.359123 0.411374 
0.218246 0.5 
0.109123 0.75 
0.218246 0.75 
0.218246 0.875 
0.218246 0.875 
0.0773687 0.911374 
0.109123 0.75 
2.97809e-10 0.75 
0.109123 0.75 
0.0773687 0.911374 
0.359123 0.411374 
0.218246 0.375 
0.327369 0.25 
0.218246 0.25 
0.327369 0.25 
0.218246 0.375 
0.859123 0.713626 
0.968246 0.838626 
0.859123 0.838626 
0.436492 0.411374 
0.577369 0.375 
0.577369 0.5 
0.968246 0.838626 
0.859123 0.713626 
1 0.677251 
0.218246 0.875 
0.359123 0.911374 
0.218246 1 
0.468246 0.25 
0.577369 0.25 
0.577369 0.375 
0.577369 0.375 
0.436492 0.411374 
0.468246 0.25 
0.359123 0.25 
0.468246 0.25 
0.436492 0.411374 
0.359123 0.911374 
0.218246 0.875 
0.327369 0.75 
0.218246 0.75 
0.327369 0.75 
0.218246 0.875 
0.968246 0.838626 
0.859123 0.963626 
0.859123 0.838626 
0.436492 0.911374 
0.577369 0.875 
0.577369 1 
0.859123 0.963626 
0.968246 0.838626 
1 1 
0.577369 0.375 
0.718246 0.411374 
0.577369 0.5 
0.468246 0.75 
0.577369 0.75 
0.577369 0.875 
0.577369 0.875 
0.436492 0.911374 
0.468246 0.75 
0.359123 0.75 
0.468246 0.75 
0.436492 0.911374 
0.718246 0.411374 
0.577369 0.375 
0.686492 0.25 
0.577369 0.25 
0.686492 0.25 
0.577369 0.375 
0.859123 0.963626 
0.75 0.838626 
0.859123 0.838626 
0.0773687 0.411374 
0.218246 0.375 
0.218246 0.5 
0.75 0.838626 
0.859123 0.963626 
0.718246 1 
0.577369 0.875 
0.718246 0.911374 
0.577369 1 
0.109123 0.25 
0.218246 0.25 
0.218246 0.375 
0.218246 0.375 
0.0773687 0.411374 
0.109123 0.25 
-9.20861e-09 0.25 
0.109123 0.25 
0.0773687 0.411374 
0.718246 0.911374 
0.577369 0.875 
0.686492 0.75 
0.577369 0.75 
0.686492 0.75 
0.577369 0.875 
0.859123 0.640877 
0.75 0.515877 
0.859123 0.515877 
0.359123 0.0886258 
0.218246 0.125 
0.218246 1.19209e-07 
0.75 0.515877 
0.859123 0.640877 
0.718246 0.677251 
0.218246 0.625 
0.0773687 0.588626 
0.218246 0.5 
0.327369 0.25 
0.218246 0.25 
0.218246 0.125 
0.218246 0.125 
0.359123 0.0886258 
0.327369 0.25 
0.109123 0.75 
2.97809e-10 0.75 
0.0773687 0.588626 
0.0773687 0.588626 
0.218246 0.625 
0.109123 0.75 
0.218246 0.75 
0.109123 0.75 
0.218246 0.625 
0.968246 0.515877 
0.859123 0.640877 
0.859123 0.515877 
0.359123 0.588626 
0.218246 0.625 
0.218246 0.5 
0.859123 0.640877 
0.968246 0.515877 
1 0.677251 
0.577369 0.125 
0.436492 0.0886257 
0.577369 1.19209e-07 
0.327369 0.75 
0.218246 0.75 
0.218246 0.625 
0.218246 0.625 
0.359123 0.588626 
0.327369 0.75 
0.468246 0.25 
0.359123 0.25 
0.436492 0.0886257 
0.436492 0.0886257 
0.577369 0.125 
0.468246 0.25 
0.577369 0.25 
0.468246 0.25 
0.577369 0.125 
0.859123 0.390877 
0.968246 0.515877 
0.859123 0.515877 
0.718246 0.0886257 
0.577369 0.125 
0.577369 1.19209e-07 
0.968246 0.515877 
0.859123 0.390877 
1 0.354503 
0.577369 0.625 
0.436492 0.588626 
0.577369 0.5 
0.686492 0.25 
0.577369 0.25 
0.577369 0.125 
0.577369 0.125 
0.718246 0.0886257 
0.686492 0.25 
0.468246 0.75 
0.359123 0.75 
0.436492 0.588626 
0.436492 0.588626 
0.577369 0.625 
0.468246 0.75 
0.577369 0.75 
0.468246 0.75 
0.577369 0.625 
0.75 0.515877 
0.859123 0.390877 
0.859123 0.515877 
0.718246 0.588626 
0.577369 0.625 
0.577369 0.5 
0.859123 0.390877 
0.75 0.515877 
0.718246 0.354503 
0.218246 0.125 
0.0773687 0.0886258 
0.218246 1.19209e-07 
0.686492 0.75 
0.577369 0.75 
0.577369 0.625 
0.577369 0.625 
0.718246 0.588626 
0.686492 0.75 
0.109123 0.25 
-9.20861e-09 0.25 
0.0773687 0.0886258 
0.0773687 0.0886258 
0.218246 0.125 
0.109123 0.25 
0.218246 0.25 
0.109123 0.25 
0.218246 0.125 