0.107464 0.500008 
0.116199 0.63311 
0.124577 0.627998 
0.124577 0.627998 
0.115694 0.500008 
0.107464 0.500008 
0.115694 0.500008 
0.124577 0.627998 
0.124907 0.626999 
0.124907 0.626999 
0.116076 0.500008 
0.115694 0.500008 
0.116076 0.500008 
0.124907 0.626999 
0.119179 0.629532 
0.119179 0.629532 
0.110512 0.500008 
0.116076 0.500008 
0.110512 0.500008 
0.119179 0.629532 
0.1087 0.634743 
0.1087 0.634743 
0.100351 0.500008 
0.110512 0.500008 
0.116199 0.63311 
0.146931 0.743721 
0.155075 0.733704 
0.155075 0.733704 
0.124577 0.627998 
0.116199 0.63311 
0.124577 0.627998 
0.155075 0.733704 
0.155155 0.732048 
0.155155 0.732048 
0.124907 0.626999 
0.124577 0.627998 
0.124907 0.626999 
0.155155 0.732048 
0.149307 0.737343 
0.149307 0.737343 
0.119179 0.629532 
0.124907 0.626999 
0.119179 0.629532 
0.149307 0.737343 
0.138565 0.748016 
0.138565 0.748016 
0.1087 0.634743 
0.119179 0.629532 
0.146931 0.743721 
0.215923 0.815758 
0.219952 0.80172 
0.219952 0.80172 
0.155075 0.733704 
0.146931 0.743721 
0.155075 0.733704 
0.219952 0.80172 
0.219261 0.799965 
0.219261 0.799965 
0.155155 0.732048 
0.155075 0.733704 
0.155155 0.732048 
0.219261 0.799965 
0.21537 0.808109 
0.21537 0.808109 
0.149307 0.737343 
0.155155 0.732048 
0.149307 0.737343 
0.21537 0.808109 
0.208759 0.824135 
0.208759 0.824135 
0.138565 0.748016 
0.149307 0.737343 
0.215923 0.815758 
0.317146 0.817505 
0.312187 0.804756 
0.312187 0.804756 
0.219952 0.80172 
0.215923 0.815758 
0.219952 0.80172 
0.312187 0.804756 
0.310692 0.803719 
0.310692 0.803719 
0.219261 0.799965 
0.219952 0.80172 
0.219261 0.799965 
0.310692 0.803719 
0.312187 0.811974 
0.312187 0.811974 
0.21537 0.808109 
0.219261 0.799965 
0.21537 0.808109 
0.312187 0.811974 
0.317146 0.827362 
0.317146 0.827362 
0.208759 0.824135 
0.21537 0.808109 
0.317146 0.817505 
0.386848 0.753452 
0.377571 0.747734 
0.377571 0.747734 
0.312187 0.804756 
0.317146 0.817505 
0.312187 0.804756 
0.377571 0.747734 
0.375206 0.748421 
0.375206 0.748421 
0.310692 0.803719 
0.312187 0.804756 
0.310692 0.803719 
0.375206 0.748421 
0.378548 0.754452 
0.378548 0.754452 
0.312187 0.811974 
0.310692 0.803719 
0.312187 0.811974 
0.378548 0.754452 
0.386955 0.764294 
0.386955 0.764294 
0.317146 0.827362 
0.312187 0.811974 
0.386848 0.753452 
0.415169 0.674919 
0.407318 0.672005 
0.407318 0.672005 
0.377571 0.747734 
0.386848 0.753452 
0.377571 0.747734 
0.407318 0.672005 
0.405655 0.672691 
0.405655 0.672691 
0.375206 0.748421 
0.377571 0.747734 
0.375206 0.748421 
0.405655 0.672691 
0.409164 0.676346 
0.409164 0.676346 
0.378548 0.754452 
0.375206 0.748421 
0.378548 0.754452 
0.409164 0.676346 
0.416985 0.681992 
0.416985 0.681992 
0.386955 0.764294 
0.378548 0.754452 
0.415169 0.674919 
0.427155 0.591141 
0.420593 0.589417 
0.420593 0.589417 
0.407318 0.672005 
0.415169 0.674919 
0.407318 0.672005 
0.420593 0.589417 
0.419472 0.589584 
0.419472 0.589584 
0.405655 0.672691 
0.407318 0.672005 
0.405655 0.672691 
0.419472 0.589584 
0.42289 0.591263 
0.42289 0.591263 
0.409164 0.676346 
0.405655 0.672691 
0.409164 0.676346 
0.42289 0.591263 
0.430038 0.593872 
0.430038 0.593872 
0.416985 0.681992 
0.409164 0.676346 
0.427155 0.591141 
0.430611 0.500008 
0.424522 0.500008 
0.424522 0.500008 
0.420593 0.589417 
0.427155 0.591141 
0.420593 0.589417 
0.424522 0.500008 
0.423607 0.500008 
0.423607 0.500008 
0.419472 0.589584 
0.420593 0.589417 
0.419472 0.589584 
0.423607 0.500008 
0.426987 0.500008 
0.426987 0.500008 
0.42289 0.591263 
0.419472 0.589584 
0.42289 0.591263 
0.426987 0.500008 
0.433891 0.500008 
0.433891 0.500008 
0.430038 0.593872 
0.42289 0.591263 
0.430611 0.500008 
0.426674 0.40834 
0.420372 0.410385 
0.420372 0.410385 
0.424522 0.500008 
0.430611 0.500008 
0.424522 0.500008 
0.420372 0.410385 
0.419403 0.410355 
0.419403 0.410355 
0.423607 0.500008 
0.424522 0.500008 
0.423607 0.500008 
0.419403 0.410355 
0.422882 0.408737 
0.422882 0.408737 
0.426987 0.500008 
0.423607 0.500008 
0.426987 0.500008 
0.422882 0.408737 
0.430038 0.406143 
0.430038 0.406143 
0.433891 0.500008 
0.426987 0.500008 
0.426674 0.40834 
0.413452 0.322525 
0.406548 0.326981 
0.406548 0.326981 
0.420372 0.410385 
0.426674 0.40834 
0.420372 0.410385 
0.406548 0.326981 
0.405434 0.327026 
0.405434 0.327026 
0.419403 0.410355 
0.420372 0.410385 
0.419403 0.410355 
0.405434 0.327026 
0.409142 0.323624 
0.409142 0.323624 
0.422882 0.408737 
0.419403 0.410355 
0.422882 0.408737 
0.409142 0.323624 
0.416985 0.318024 
0.416985 0.318024 
0.430038 0.406143 
0.422882 0.408737 
0.413452 0.322525 
0.383652 0.24292 
0.376183 0.250854 
0.376183 0.250854 
0.406548 0.326981 
0.413452 0.322525 
0.406548 0.326981 
0.376183 0.250854 
0.374802 0.251175 
0.374802 0.251175 
0.405434 0.327026 
0.406548 0.326981 
0.405434 0.327026 
0.374802 0.251175 
0.378494 0.245514 
0.378494 0.245514 
0.409142 0.323624 
0.405434 0.327026 
0.409142 0.323624 
0.378494 0.245514 
0.386955 0.235718 
0.386955 0.235718 
0.416985 0.318024 
0.409142 0.323624 
0.383652 0.24292 
0.317146 0.18251 
0.312187 0.195251 
0.312187 0.195251 
0.376183 0.250854 
0.383652 0.24292 
0.376183 0.250854 
0.312187 0.195251 
0.310692 0.196289 
0.310692 0.196289 
0.374802 0.251175 
0.376183 0.250854 
0.374802 0.251175 
0.310692 0.196289 
0.312187 0.188034 
0.312187 0.188034 
0.378494 0.245514 
0.374802 0.251175 
0.378494 0.245514 
0.312187 0.188034 
0.317146 0.172653 
0.317146 0.172653 
0.386955 0.235718 
0.378494 0.245514 
0.317146 0.18251 
0.215923 0.18425 
0.219952 0.198288 
0.219952 0.198288 
0.312187 0.195251 
0.317146 0.18251 
0.312187 0.195251 
0.219952 0.198288 
0.219261 0.200043 
0.219261 0.200043 
0.310692 0.196289 
0.312187 0.195251 
0.310692 0.196289 
0.219261 0.200043 
0.21537 0.191895 
0.21537 0.191895 
0.312187 0.188034 
0.310692 0.196289 
0.312187 0.188034 
0.21537 0.191895 
0.208759 0.175873 
0.208759 0.175873 
0.317146 0.172653 
0.312187 0.188034 
0.215923 0.18425 
0.146931 0.256287 
0.155075 0.266312 
0.155075 0.266312 
0.219952 0.198288 
0.215923 0.18425 
0.219952 0.198288 
0.155075 0.266312 
0.155155 0.26796 
0.155155 0.26796 
0.219261 0.200043 
0.219952 0.198288 
0.219261 0.200043 
0.155155 0.26796 
0.149307 0.262665 
0.149307 0.262665 
0.21537 0.191895 
0.219261 0.200043 
0.21537 0.191895 
0.149307 0.262665 
0.138565 0.251999 
0.138565 0.251999 
0.208759 0.175873 
0.21537 0.191895 
0.146931 0.256287 
0.116199 0.366898 
0.124577 0.372009 
0.124577 0.372009 
0.155075 0.266312 
0.146931 0.256287 
0.155075 0.266312 
0.124577 0.372009 
0.124907 0.373016 
0.124907 0.373016 
0.155155 0.26796 
0.155075 0.266312 
0.155155 0.26796 
0.124907 0.373016 
0.119179 0.370483 
0.119179 0.370483 
0.149307 0.262665 
0.155155 0.26796 
0.149307 0.262665 
0.119179 0.370483 
0.1087 0.365265 
0.1087 0.365265 
0.138565 0.251999 
0.149307 0.262665 
0.116199 0.366898 
0.107464 0.500008 
0.115694 0.500008 
0.115694 0.500008 
0.124577 0.372009 
0.116199 0.366898 
0.124577 0.372009 
0.115694 0.500008 
0.116076 0.500008 
0.116076 0.500008 
0.124907 0.373016 
0.124577 0.372009 
0.124907 0.373016 
0.116076 0.500008 
0.110512 0.500008 
0.110512 0.500008 
0.119179 0.370483 
0.124907 0.373016 
0.119179 0.370483 
0.110512 0.500008 
0.100351 0.500008 
0.100351 0.500008 
0.1087 0.365265 
0.119179 0.370483 
0.100351 0.500008 
0.1087 0.634743 
0.0557413 0.653816 
0.0557413 0.653816 
0.0505848 0.500008 
0.100351 0.500008 
0.0505848 0.500008 
0.0557413 0.653816 
0.00557196 0.658463 
0.00557196 0.658463 
0.00503194 0.500008 
0.0505848 0.500008 
0.1087 0.634743 
0.138565 0.748016 
0.0767727 0.789291 
0.0767727 0.789291 
0.0557413 0.653816 
0.1087 0.634743 
0.0557413 0.653816 
0.0767727 0.789291 
0.00789404 0.801769 
0.00789404 0.801769 
0.00557196 0.658463 
0.0557413 0.653816 
1.00555 0.658463 
1.00787 0.801769 
0.950882 0.791145 
0.950882 0.791145 
0.964554 0.653137 
1.00555 0.658463 
0.964554 0.653137 
0.950882 0.791145 
0.909027 0.770458 
0.909027 0.770458 
0.931656 0.643478 
0.964554 0.653137 
0.138565 0.748016 
0.208759 0.824135 
0.138565 0.999969 
0.0767727 0.999969 
0.0767727 0.789291 
0.138565 0.748016 
0.0767727 0.789291 
0.0767727 0.999969 
0.0767727 0.999969 
0.00789404 0.999969 
0.00789404 0.801769 
0.0767727 0.789291 
0.00789404 0.801769 
0.00789404 0.999969 
0.00789404 0.999969 
0.950882 0.999969 
0.950882 0.791145 
1.00787 0.801769 
0.950882 0.791145 
0.950882 0.999969 
0.837677 0.870857 
0.837677 0.870857 
0.909027 0.770458 
0.950882 0.791145 
0.208759 0.824135 
0.317146 0.827362 
0.208759 0.999969 
0.208759 0.999969 
0.208759 0.999969 
0.208759 0.824135 
3.05176e-05 0.999969 
3.05176e-05 0.999969 
3.05176e-05 0.999969 
3.05176e-05 0.999969 
3.05176e-05 0.999969 
3.05176e-05 0.999969 
3.05176e-05 0.999969 
3.05176e-05 0.999969 
3.05176e-05 0.999969 
3.05176e-05 0.999969 
3.05176e-05 0.999969 
3.05176e-05 0.999969 
0.670181 0.999969 
0.670181 0.999969 
0.670181 0.883007 
0.670181 0.883007 
0.837677 0.870857 
0.670181 0.999969 
0.317146 0.827362 
0.386955 0.764294 
0.436829 0.801414 
0.436829 0.801414 
0.436829 0.999969 
0.317146 0.827362 
0.436829 0.999969 
0.436829 0.801414 
0.493217 0.817959 
0.493217 0.817959 
0.493217 0.999969 
0.493217 0.999969 
0.493217 0.999969 
0.493217 0.817959 
0.54425 0.815266 
0.54425 0.815266 
0.54425 0.999969 
0.54425 0.999969 
0.54425 0.999969 
0.54425 0.815266 
0.584183 0.800274 
0.584183 0.800274 
0.670181 0.883007 
0.584183 0.999969 
0.386955 0.764294 
0.416985 0.681992 
0.45713 0.701973 
0.45713 0.701973 
0.436829 0.801414 
0.386955 0.764294 
0.436829 0.801414 
0.45713 0.701973 
0.495583 0.710716 
0.495583 0.710716 
0.493217 0.817959 
0.436829 0.801414 
0.493217 0.817959 
0.495583 0.710716 
0.529053 0.710175 
0.529053 0.710175 
0.54425 0.815266 
0.493217 0.817959 
0.54425 0.815266 
0.529053 0.710175 
0.557404 0.703232 
0.557404 0.703232 
0.584183 0.800274 
0.54425 0.815266 
0.416985 0.681992 
0.430038 0.593872 
0.464821 0.602966 
0.464821 0.602966 
0.45713 0.701973 
0.416985 0.681992 
0.45713 0.701973 
0.464821 0.602966 
0.496414 0.606987 
0.496414 0.606987 
0.495583 0.710716 
0.45713 0.701973 
0.495583 0.710716 
0.496414 0.606987 
0.52359 0.606941 
0.52359 0.606941 
0.529053 0.710175 
0.495583 0.710716 
0.529053 0.710175 
0.52359 0.606941 
0.547089 0.604034 
0.547089 0.604034 
0.557404 0.703232 
0.529053 0.710175 
0.464821 0.602966 
0.476883 0.501328 
0.496643 0.500008 
0.496643 0.500008 
0.496414 0.606987 
0.464821 0.602966 
0.496414 0.606987 
0.496643 0.500008 
0.522064 0.500008 
0.522064 0.500008 
0.52359 0.606941 
0.496414 0.606987 
0.52359 0.606941 
0.522064 0.500008 
0.530609 0.503372 
0.530609 0.503372 
0.547089 0.604034 
0.52359 0.606941 
0.476883 0.501328 
0.464821 0.397049 
0.496414 0.393021 
0.496414 0.393021 
0.496643 0.500008 
0.476883 0.501328 
0.496643 0.500008 
0.496414 0.393021 
0.52359 0.393066 
0.52359 0.393066 
0.522064 0.500008 
0.496643 0.500008 
0.522064 0.500008 
0.52359 0.393066 
0.547089 0.395981 
0.547089 0.395981 
0.530609 0.503372 
0.522064 0.500008 
0.430038 0.406143 
0.416985 0.318024 
0.45713 0.298035 
0.45713 0.298035 
0.464821 0.397049 
0.430038 0.406143 
0.464821 0.397049 
0.45713 0.298035 
0.495583 0.289291 
0.495583 0.289291 
0.496414 0.393021 
0.464821 0.397049 
0.496414 0.393021 
0.495583 0.289291 
0.529053 0.289841 
0.529053 0.289841 
0.52359 0.393066 
0.496414 0.393021 
0.52359 0.393066 
0.529053 0.289841 
0.557404 0.296783 
0.557404 0.296783 
0.547089 0.395981 
0.52359 0.393066 
0.416985 0.318024 
0.386955 0.235718 
0.436829 0.198593 
0.436829 0.198593 
0.45713 0.298035 
0.416985 0.318024 
0.45713 0.298035 
0.436829 0.198593 
0.493217 0.182053 
0.493217 0.182053 
0.495583 0.289291 
0.45713 0.298035 
0.495583 0.289291 
0.493217 0.182053 
0.54425 0.184738 
0.54425 0.184738 
0.529053 0.289841 
0.495583 0.289291 
0.529053 0.289841 
0.54425 0.184738 
0.584183 0.199738 
0.584183 0.199738 
0.557404 0.296783 
0.529053 0.289841 
0.386955 0.235718 
0.317146 0.172653 
0.386955 0 
0.436829 0 
0.436829 0.198593 
0.386955 0.235718 
0.436829 0.198593 
0.436829 0 
0.436829 0 
0.493217 0 
0.493217 0.182053 
0.436829 0.198593 
0.493217 0.182053 
0.493217 0 
0.493217 0 
0.54425 0 
0.54425 0.184738 
0.493217 0.182053 
0.54425 0.184738 
0.54425 0 
0.670181 0.117004 
0.670181 0.117004 
0.584183 0.199738 
0.54425 0.184738 
0.317146 0.172653 
0.208759 0.175873 
0.317146 0 
0.317146 0 
0.317146 0 
0.317146 0.172653 
3.05176e-05 0 
3.05176e-05 0 
3.05176e-05 0 
3.05176e-05 0 
3.05176e-05 0 
3.05176e-05 0 
3.05176e-05 0 
3.05176e-05 0 
3.05176e-05 0 
3.05176e-05 0 
3.05176e-05 0 
3.05176e-05 0 
0.837677 0 
0.837677 0 
0.837677 0.12915 
0.837677 0.12915 
0.670181 0.117004 
0.837677 0 
0.208759 0.175873 
0.138565 0.251999 
0.0767727 0.210724 
0.0767727 0.210724 
0.0767727 0 
0.208759 0.175873 
0.0767727 0 
0.0767727 0.210724 
0.00789428 0.198242 
0.00789428 0.198242 
0.00789428 0 
0.00789428 0 
1.00787 0 
1.00787 0.198242 
0.950882 0.208862 
0.950882 0.208862 
0.950882 0 
0.950882 0 
0.950882 0 
0.950882 0.208862 
0.909027 0.229553 
0.909027 0.229553 
0.837677 0.12915 
0.909027 0 
0.138565 0.251999 
0.1087 0.365265 
0.0557423 0.346191 
0.0557423 0.346191 
0.0767727 0.210724 
0.138565 0.251999 
0.0767727 0.210724 
0.0557423 0.346191 
0.00557196 0.341553 
0.00557196 0.341553 
0.00789428 0.198242 
0.0767727 0.210724 
1.00787 0.198242 
1.00555 0.341553 
0.964554 0.346878 
0.964554 0.346878 
0.950882 0.208862 
1.00787 0.198242 
0.950882 0.208862 
0.964554 0.346878 
0.931656 0.356537 
0.931656 0.356537 
0.909027 0.229553 
0.950882 0.208862 
0.1087 0.365265 
0.100351 0.500008 
0.0505848 0.500008 
0.0505848 0.500008 
0.0557423 0.346191 
0.1087 0.365265 
0.0557423 0.346191 
0.0505848 0.500008 
0.00503194 0.500008 
0.00503194 0.500008 
0.00557196 0.341553 
0.0557423 0.346191 
0.91095 0.500008 
0.903564 0.632484 
0.878479 0.620796 
0.878479 0.620796 
0.886673 0.500008 
0.91095 0.500008 
0.886673 0.500008 
0.878479 0.620796 
0.858383 0.609772 
0.858383 0.609772 
0.86676 0.500008 
0.886673 0.500008 
0.86676 0.500008 
0.858383 0.609772 
0.848373 0.603355 
0.848373 0.603355 
0.856674 0.500008 
0.86676 0.500008 
0.931656 0.643478 
0.909027 0.770458 
0.876831 0.747017 
0.876831 0.747017 
0.903564 0.632484 
0.931656 0.643478 
0.903564 0.632484 
0.876831 0.747017 
0.850616 0.722702 
0.850616 0.722702 
0.878479 0.620796 
0.903564 0.632484 
0.878479 0.620796 
0.850616 0.722702 
0.831238 0.700661 
0.831238 0.700661 
0.858383 0.609772 
0.878479 0.620796 
0.858383 0.609772 
0.831238 0.700661 
0.822189 0.688263 
0.822189 0.688263 
0.848373 0.603355 
0.858383 0.609772 
0.909027 0.770458 
0.837677 0.870857 
0.809906 0.830479 
0.809906 0.830479 
0.876831 0.747017 
0.909027 0.770458 
0.876831 0.747017 
0.809906 0.830479 
0.791351 0.792469 
0.791351 0.792469 
0.850616 0.722702 
0.876831 0.747017 
0.850616 0.722702 
0.791351 0.792469 
0.779266 0.760513 
0.779266 0.760513 
0.831238 0.700661 
0.850616 0.722702 
0.831238 0.700661 
0.779266 0.760513 
0.774216 0.743454 
0.774216 0.743454 
0.822189 0.688263 
0.831238 0.700661 
0.837677 0.870857 
0.670181 0.883007 
0.692062 0.842133 
0.692062 0.842133 
0.809906 0.830479 
0.837677 0.870857 
0.809906 0.830479 
0.692062 0.842133 
0.702026 0.802914 
0.702026 0.802914 
0.791351 0.792469 
0.809906 0.830479 
0.791351 0.792469 
0.702026 0.802914 
0.707092 0.770157 
0.707092 0.770157 
0.779266 0.760513 
0.791351 0.792469 
0.779266 0.760513 
0.707092 0.770157 
0.709549 0.752937 
0.709549 0.752937 
0.774216 0.743454 
0.779266 0.760513 
0.670181 0.883007 
0.584183 0.800274 
0.613419 0.777935 
0.613419 0.777935 
0.692062 0.842133 
0.670181 0.883007 
0.692062 0.842133 
0.613419 0.777935 
0.63446 0.752186 
0.63446 0.752186 
0.702026 0.802914 
0.692062 0.842133 
0.702026 0.802914 
0.63446 0.752186 
0.648743 0.728645 
0.648743 0.728645 
0.707092 0.770157 
0.702026 0.802914 
0.707092 0.770157 
0.648743 0.728645 
0.655731 0.715851 
0.655731 0.715851 
0.709549 0.752937 
0.707092 0.770157 
0.584183 0.800274 
0.557404 0.703232 
0.581268 0.69146 
0.581268 0.69146 
0.613419 0.777935 
0.584183 0.800274 
0.613419 0.777935 
0.581268 0.69146 
0.601227 0.676613 
0.601227 0.676613 
0.63446 0.752186 
0.613419 0.777935 
0.63446 0.752186 
0.601227 0.676613 
0.616516 0.66227 
0.616516 0.66227 
0.648743 0.728645 
0.63446 0.752186 
0.648743 0.728645 
0.616516 0.66227 
0.624435 0.654274 
0.624435 0.654274 
0.655731 0.715851 
0.648743 0.728645 
0.557404 0.703232 
0.547089 0.604034 
0.567749 0.598747 
0.567749 0.598747 
0.581268 0.69146 
0.557404 0.703232 
0.581268 0.69146 
0.567749 0.598747 
0.586014 0.591835 
0.586014 0.591835 
0.601227 0.676613 
0.581268 0.69146 
0.601227 0.676613 
0.586014 0.591835 
0.600739 0.584984 
0.600739 0.584984 
0.616516 0.66227 
0.601227 0.676613 
0.616516 0.66227 
0.600739 0.584984 
0.608597 0.581123 
0.608597 0.581123 
0.624435 0.654274 
0.616516 0.66227 
0.567749 0.598747 
0.570663 0.500008 
0.581451 0.500008 
0.581451 0.500008 
0.586014 0.591835 
0.567749 0.598747 
0.586014 0.591835 
0.581451 0.500008 
0.595871 0.500008 
0.595871 0.500008 
0.600739 0.584984 
0.586014 0.591835 
0.600739 0.584984 
0.595871 0.500008 
0.603638 0.500008 
0.603638 0.500008 
0.608597 0.581123 
0.600739 0.584984 
0.570663 0.500008 
0.567749 0.40126 
0.586014 0.408173 
0.586014 0.408173 
0.581451 0.500008 
0.570663 0.500008 
0.581451 0.500008 
0.586014 0.408173 
0.600739 0.415024 
0.600739 0.415024 
0.595871 0.500008 
0.581451 0.500008 
0.595871 0.500008 
0.600739 0.415024 
0.608597 0.418884 
0.608597 0.418884 
0.603638 0.500008 
0.595871 0.500008 
0.547089 0.395981 
0.557404 0.296783 
0.581268 0.308548 
0.581268 0.308548 
0.567749 0.40126 
0.547089 0.395981 
0.567749 0.40126 
0.581268 0.308548 
0.601227 0.323395 
0.601227 0.323395 
0.586014 0.408173 
0.567749 0.40126 
0.586014 0.408173 
0.601227 0.323395 
0.616516 0.337738 
0.616516 0.337738 
0.600739 0.415024 
0.586014 0.408173 
0.600739 0.415024 
0.616516 0.337738 
0.624435 0.345734 
0.624435 0.345734 
0.608597 0.418884 
0.600739 0.415024 
0.557404 0.296783 
0.584183 0.199738 
0.613419 0.222076 
0.613419 0.222076 
0.581268 0.308548 
0.557404 0.296783 
0.581268 0.308548 
0.613419 0.222076 
0.63446 0.247818 
0.63446 0.247818 
0.601227 0.323395 
0.581268 0.308548 
0.601227 0.323395 
0.63446 0.247818 
0.648743 0.271362 
0.648743 0.271362 
0.616516 0.337738 
0.601227 0.323395 
0.616516 0.337738 
0.648743 0.271362 
0.655731 0.284164 
0.655731 0.284164 
0.624435 0.345734 
0.616516 0.337738 
0.584183 0.199738 
0.670181 0.117004 
0.692062 0.157883 
0.692062 0.157883 
0.613419 0.222076 
0.584183 0.199738 
0.613419 0.222076 
0.692062 0.157883 
0.702026 0.197098 
0.702026 0.197098 
0.63446 0.247818 
0.613419 0.222076 
0.63446 0.247818 
0.702026 0.197098 
0.707092 0.229858 
0.707092 0.229858 
0.648743 0.271362 
0.63446 0.247818 
0.648743 0.271362 
0.707092 0.229858 
0.709549 0.24707 
0.709549 0.24707 
0.655731 0.284164 
0.648743 0.271362 
0.670181 0.117004 
0.837677 0.12915 
0.809906 0.169525 
0.809906 0.169525 
0.692062 0.157883 
0.670181 0.117004 
0.692062 0.157883 
0.809906 0.169525 
0.791351 0.207535 
0.791351 0.207535 
0.702026 0.197098 
0.692062 0.157883 
0.702026 0.197098 
0.791351 0.207535 
0.779266 0.239502 
0.779266 0.239502 
0.707092 0.229858 
0.702026 0.197098 
0.707092 0.229858 
0.779266 0.239502 
0.774216 0.256561 
0.774216 0.256561 
0.709549 0.24707 
0.707092 0.229858 
0.837677 0.12915 
0.909027 0.229553 
0.876831 0.252991 
0.876831 0.252991 
0.809906 0.169525 
0.837677 0.12915 
0.809906 0.169525 
0.876831 0.252991 
0.850616 0.277313 
0.850616 0.277313 
0.791351 0.207535 
0.809906 0.169525 
0.791351 0.207535 
0.850616 0.277313 
0.831238 0.299347 
0.831238 0.299347 
0.779266 0.239502 
0.791351 0.207535 
0.779266 0.239502 
0.831238 0.299347 
0.822189 0.311752 
0.822189 0.311752 
0.774216 0.256561 
0.779266 0.239502 
0.909027 0.229553 
0.931656 0.356537 
0.903564 0.367523 
0.903564 0.367523 
0.876831 0.252991 
0.909027 0.229553 
0.876831 0.252991 
0.903564 0.367523 
0.878479 0.379211 
0.878479 0.379211 
0.850616 0.277313 
0.876831 0.252991 
0.850616 0.277313 
0.878479 0.379211 
0.858383 0.390244 
0.858383 0.390244 
0.831238 0.299347 
0.850616 0.277313 
0.831238 0.299347 
0.858383 0.390244 
0.848373 0.396652 
0.848373 0.396652 
0.822189 0.311752 
0.831238 0.299347 
0.903564 0.367523 
0.91095 0.500008 
0.886673 0.500008 
0.886673 0.500008 
0.878479 0.379211 
0.903564 0.367523 
0.878479 0.379211 
0.886673 0.500008 
0.86676 0.500008 
0.86676 0.500008 
0.858383 0.390244 
0.878479 0.379211 
0.858383 0.390244 
0.86676 0.500008 
0.856674 0.500008 
0.856674 0.500008 
0.848373 0.396652 
0.858383 0.390244 
0.856674 0.500008 
0.848373 0.603355 
0.843231 0.599701 
0.843231 0.599701 
0.85141 0.500008 
0.856674 0.500008 
0.85141 0.500008 
0.843231 0.599701 
0.827927 0.590164 
0.827927 0.590164 
0.835785 0.500008 
0.85141 0.500008 
0.835785 0.500008 
0.827927 0.590164 
0.789932 0.563858 
0.789932 0.563858 
0.796066 0.500008 
0.835785 0.500008 
0.848373 0.603355 
0.822189 0.688263 
0.817688 0.681328 
0.817688 0.681328 
0.843231 0.599701 
0.848373 0.603355 
0.843231 0.599701 
0.817688 0.681328 
0.804214 0.663063 
0.804214 0.663063 
0.827927 0.590164 
0.843231 0.599701 
0.827927 0.590164 
0.804214 0.663063 
0.772568 0.614449 
0.772568 0.614449 
0.789932 0.563858 
0.827927 0.590164 
0.822189 0.688263 
0.774216 0.743454 
0.771927 0.734123 
0.771927 0.734123 
0.817688 0.681328 
0.822189 0.688263 
0.817688 0.681328 
0.771927 0.734123 
0.763901 0.70932 
0.763901 0.70932 
0.804214 0.663063 
0.817688 0.681328 
0.804214 0.663063 
0.763901 0.70932 
0.745697 0.645844 
0.745697 0.645844 
0.772568 0.614449 
0.804214 0.663063 
0.774216 0.743454 
0.709549 0.752937 
0.710999 0.743622 
0.710999 0.743622 
0.771927 0.734123 
0.774216 0.743454 
0.771927 0.734123 
0.710999 0.743622 
0.712173 0.717995 
0.712173 0.717995 
0.763901 0.70932 
0.771927 0.734123 
0.763901 0.70932 
0.712173 0.717995 
0.712967 0.652733 
0.712967 0.652733 
0.745697 0.645844 
0.763901 0.70932 
0.709549 0.752937 
0.655731 0.715851 
0.659531 0.708847 
0.659531 0.708847 
0.710999 0.743622 
0.709549 0.752937 
0.710999 0.743622 
0.659531 0.708847 
0.667297 0.688545 
0.667297 0.688545 
0.712173 0.717995 
0.710999 0.743622 
0.712173 0.717995 
0.667297 0.688545 
0.683121 0.634712 
0.683121 0.634712 
0.712967 0.652733 
0.712173 0.717995 
0.655731 0.715851 
0.624435 0.654274 
0.628815 0.649864 
0.628815 0.649864 
0.659531 0.708847 
0.655731 0.715851 
0.659531 0.708847 
0.628815 0.649864 
0.638916 0.636482 
0.638916 0.636482 
0.667297 0.688545 
0.659531 0.708847 
0.667297 0.688545 
0.638916 0.636482 
0.662048 0.599503 
0.662048 0.599503 
0.683121 0.634712 
0.667297 0.688545 
0.624435 0.654274 
0.608597 0.581123 
0.612991 0.578987 
0.612991 0.578987 
0.628815 0.649864 
0.624435 0.654274 
0.628815 0.649864 
0.612991 0.578987 
0.623627 0.572327 
0.623627 0.572327 
0.638916 0.636482 
0.628815 0.649864 
0.638916 0.636482 
0.623627 0.572327 
0.649612 0.553459 
0.649612 0.553459 
0.662048 0.599503 
0.638916 0.636482 
0.608597 0.581123 
0.603638 0.500008 
0.607986 0.500008 
0.607986 0.500008 
0.612991 0.578987 
0.608597 0.581123 
0.612991 0.578987 
0.607986 0.500008 
0.618683 0.500008 
0.618683 0.500008 
0.623627 0.572327 
0.612991 0.578987 
0.623627 0.572327 
0.618683 0.500008 
0.645386 0.500008 
0.645386 0.500008 
0.649612 0.553459 
0.623627 0.572327 
0.603638 0.500008 
0.608597 0.418884 
0.612991 0.421021 
0.612991 0.421021 
0.607986 0.500008 
0.603638 0.500008 
0.607986 0.500008 
0.612991 0.421021 
0.623627 0.427689 
0.623627 0.427689 
0.618683 0.500008 
0.607986 0.500008 
0.618683 0.500008 
0.623627 0.427689 
0.649612 0.446548 
0.649612 0.446548 
0.645386 0.500008 
0.618683 0.500008 
0.608597 0.418884 
0.624435 0.345734 
0.628815 0.350143 
0.628815 0.350143 
0.612991 0.421021 
0.608597 0.418884 
0.612991 0.421021 
0.628815 0.350143 
0.638916 0.363525 
0.638916 0.363525 
0.623627 0.427689 
0.612991 0.421021 
0.623627 0.427689 
0.638916 0.363525 
0.662048 0.400497 
0.662048 0.400497 
0.649612 0.446548 
0.623627 0.427689 
0.624435 0.345734 
0.655731 0.284164 
0.659531 0.291168 
0.659531 0.291168 
0.628815 0.350143 
0.624435 0.345734 
0.628815 0.350143 
0.659531 0.291168 
0.667297 0.311462 
0.667297 0.311462 
0.638916 0.363525 
0.628815 0.350143 
0.638916 0.363525 
0.667297 0.311462 
0.683121 0.365295 
0.683121 0.365295 
0.662048 0.400497 
0.638916 0.363525 
0.655731 0.284164 
0.709549 0.24707 
0.710999 0.256393 
0.710999 0.256393 
0.659531 0.291168 
0.655731 0.284164 
0.659531 0.291168 
0.710999 0.256393 
0.712173 0.282013 
0.712173 0.282013 
0.667297 0.311462 
0.659531 0.291168 
0.667297 0.311462 
0.712173 0.282013 
0.712967 0.347275 
0.712967 0.347275 
0.683121 0.365295 
0.667297 0.311462 
0.709549 0.24707 
0.774216 0.256561 
0.771927 0.265884 
0.771927 0.265884 
0.710999 0.256393 
0.709549 0.24707 
0.710999 0.256393 
0.771927 0.265884 
0.763901 0.290695 
0.763901 0.290695 
0.712173 0.282013 
0.710999 0.256393 
0.712173 0.282013 
0.763901 0.290695 
0.745697 0.354172 
0.745697 0.354172 
0.712967 0.347275 
0.712173 0.282013 
0.774216 0.256561 
0.822189 0.311752 
0.817688 0.31868 
0.817688 0.31868 
0.771927 0.265884 
0.774216 0.256561 
0.771927 0.265884 
0.817688 0.31868 
0.804214 0.336945 
0.804214 0.336945 
0.763901 0.290695 
0.771927 0.265884 
0.763901 0.290695 
0.804214 0.336945 
0.772568 0.385559 
0.772568 0.385559 
0.745697 0.354172 
0.763901 0.290695 
0.822189 0.311752 
0.848373 0.396652 
0.843231 0.400299 
0.843231 0.400299 
0.817688 0.31868 
0.822189 0.311752 
0.817688 0.31868 
0.843231 0.400299 
0.827927 0.409851 
0.827927 0.409851 
0.804214 0.336945 
0.817688 0.31868 
0.804214 0.336945 
0.827927 0.409851 
0.789932 0.436157 
0.789932 0.436157 
0.772568 0.385559 
0.804214 0.336945 
0.848373 0.396652 
0.856674 0.500008 
0.85141 0.500008 
0.85141 0.500008 
0.843231 0.400299 
0.848373 0.396652 
0.843231 0.400299 
0.85141 0.500008 
0.835785 0.500008 
0.835785 0.500008 
0.827927 0.409851 
0.843231 0.400299 
0.827927 0.409851 
0.835785 0.500008 
0.796066 0.500008 
0.796066 0.500008 
0.789932 0.436157 
0.827927 0.409851 
0.253075 0.500008 
0.255821 0.527885 
0.257942 0.528847 
0.257942 0.528847 
0.255104 0.500008 
0.253075 0.500008 
0.255104 0.500008 
0.257942 0.528847 
0.273659 0.519333 
0.273659 0.519333 
0.271774 0.500015 
0.255104 0.500008 
0.271774 0.500015 
0.273659 0.519333 
0.276031 0.521896 
0.276031 0.521896 
0.273895 0.500015 
0.271774 0.500015 
0.255821 0.527885 
0.263321 0.549942 
0.265694 0.551605 
0.265694 0.551605 
0.257942 0.528847 
0.255821 0.527885 
0.257942 0.528847 
0.265694 0.551605 
0.278801 0.534668 
0.278801 0.534668 
0.273659 0.519333 
0.257942 0.528847 
0.273659 0.519333 
0.278801 0.534668 
0.281845 0.539192 
0.281845 0.539192 
0.276031 0.521896 
0.273659 0.519333 
0.263321 0.549942 
0.274429 0.563957 
0.277161 0.565956 
0.277161 0.565956 
0.265694 0.551605 
0.263321 0.549942 
0.265694 0.551605 
0.277161 0.565956 
0.286385 0.544472 
0.286385 0.544472 
0.278801 0.534668 
0.265694 0.551605 
0.278801 0.534668 
0.286385 0.544472 
0.290382 0.550125 
0.290382 0.550125 
0.281845 0.539192 
0.278801 0.534668 
0.274429 0.563957 
0.287888 0.568016 
0.29097 0.570007 
0.29097 0.570007 
0.277161 0.565956 
0.274429 0.563957 
0.277161 0.565956 
0.29097 0.570007 
0.295532 0.547432 
0.295532 0.547432 
0.286385 0.544472 
0.277161 0.565956 
0.286385 0.544472 
0.295532 0.547432 
0.300598 0.553261 
0.300598 0.553261 
0.290382 0.550125 
0.286385 0.544472 
0.287888 0.568016 
0.300797 0.561508 
0.304176 0.563164 
0.304176 0.563164 
0.29097 0.570007 
0.287888 0.568016 
0.29097 0.570007 
0.304176 0.563164 
0.304382 0.543037 
0.304382 0.543037 
0.295532 0.547432 
0.29097 0.570007 
0.295532 0.547432 
0.304382 0.543037 
0.310402 0.548126 
0.310402 0.548126 
0.300598 0.553261 
0.295532 0.547432 
0.300797 0.561508 
0.310745 0.546562 
0.314308 0.547737 
0.314308 0.547737 
0.304176 0.563164 
0.300797 0.561508 
0.304176 0.563164 
0.314308 0.547737 
0.311287 0.532677 
0.311287 0.532677 
0.304382 0.543037 
0.304176 0.563164 
0.304382 0.543037 
0.311287 0.532677 
0.318001 0.536415 
0.318001 0.536415 
0.310402 0.548126 
0.304382 0.543037 
0.310745 0.546562 
0.317123 0.525475 
0.320786 0.526085 
0.320786 0.526085 
0.314308 0.547737 
0.310745 0.546562 
0.314308 0.547737 
0.320786 0.526085 
0.315765 0.517906 
0.315765 0.517906 
0.311287 0.532677 
0.314308 0.547737 
0.311287 0.532677 
0.315765 0.517906 
0.322914 0.519905 
0.322914 0.519905 
0.318001 0.536415 
0.311287 0.532677 
0.317123 0.525475 
0.319397 0.500008 
0.323074 0.500008 
0.323074 0.500008 
0.320786 0.526085 
0.317123 0.525475 
0.320786 0.526085 
0.323074 0.500008 
0.317383 0.500008 
0.317383 0.500008 
0.315765 0.517906 
0.320786 0.526085 
0.315765 0.517906 
0.317383 0.500008 
0.324669 0.500015 
0.324669 0.500015 
0.322914 0.519905 
0.315765 0.517906 
0.319397 0.500008 
0.317123 0.474533 
0.320786 0.473923 
0.320786 0.473923 
0.323074 0.500008 
0.319397 0.500008 
0.323074 0.500008 
0.320786 0.473923 
0.315765 0.482101 
0.315765 0.482101 
0.317383 0.500008 
0.323074 0.500008 
0.317383 0.500008 
0.315765 0.482101 
0.322914 0.480103 
0.322914 0.480103 
0.324669 0.500015 
0.317383 0.500008 
0.317123 0.474533 
0.310745 0.453445 
0.314308 0.452271 
0.314308 0.452271 
0.320786 0.473923 
0.317123 0.474533 
0.320786 0.473923 
0.314308 0.452271 
0.311287 0.467331 
0.311287 0.467331 
0.315765 0.482101 
0.320786 0.473923 
0.315765 0.482101 
0.311287 0.467331 
0.318001 0.463593 
0.318001 0.463593 
0.322914 0.480103 
0.315765 0.482101 
0.310745 0.453445 
0.300797 0.438507 
0.304176 0.436844 
0.304176 0.436844 
0.314308 0.452271 
0.310745 0.453445 
0.314308 0.452271 
0.304176 0.436844 
0.304382 0.45697 
0.304382 0.45697 
0.311287 0.467331 
0.314308 0.452271 
0.311287 0.467331 
0.304382 0.45697 
0.310402 0.451889 
0.310402 0.451889 
0.318001 0.463593 
0.311287 0.467331 
0.300797 0.438507 
0.287888 0.431992 
0.29097 0.430008 
0.29097 0.430008 
0.304176 0.436844 
0.300797 0.438507 
0.304176 0.436844 
0.29097 0.430008 
0.295532 0.452591 
0.295532 0.452591 
0.304382 0.45697 
0.304176 0.436844 
0.304382 0.45697 
0.295532 0.452591 
0.300598 0.446747 
0.300598 0.446747 
0.310402 0.451889 
0.304382 0.45697 
0.287888 0.431992 
0.274429 0.43605 
0.277161 0.434052 
0.277161 0.434052 
0.29097 0.430008 
0.287888 0.431992 
0.29097 0.430008 
0.277161 0.434052 
0.286385 0.455536 
0.286385 0.455536 
0.295532 0.452591 
0.29097 0.430008 
0.295532 0.452591 
0.286385 0.455536 
0.290382 0.44989 
0.290382 0.44989 
0.300598 0.446747 
0.295532 0.452591 
0.274429 0.43605 
0.263321 0.450073 
0.265694 0.44841 
0.265694 0.44841 
0.277161 0.434052 
0.274429 0.43605 
0.277161 0.434052 
0.265694 0.44841 
0.278801 0.465347 
0.278801 0.465347 
0.286385 0.455536 
0.277161 0.434052 
0.286385 0.455536 
0.278801 0.465347 
0.281845 0.460815 
0.281845 0.460815 
0.290382 0.44989 
0.286385 0.455536 
0.263321 0.450073 
0.255821 0.472122 
0.257942 0.471161 
0.257942 0.471161 
0.265694 0.44841 
0.263321 0.450073 
0.265694 0.44841 
0.257942 0.471161 
0.273659 0.480682 
0.273659 0.480682 
0.278801 0.465347 
0.265694 0.44841 
0.278801 0.465347 
0.273659 0.480682 
0.276031 0.478119 
0.276031 0.478119 
0.281845 0.460815 
0.278801 0.465347 
0.255821 0.472122 
0.253075 0.500008 
0.255104 0.500008 
0.255104 0.500008 
0.257942 0.471161 
0.255821 0.472122 
0.257942 0.471161 
0.255104 0.500008 
0.271774 0.500015 
0.271774 0.500015 
0.273659 0.480682 
0.257942 0.471161 
0.273659 0.480682 
0.271774 0.500015 
0.273895 0.500015 
0.273895 0.500015 
0.276031 0.478119 
0.273659 0.480682 
0.273895 0.500015 
0.276031 0.521896 
0.24221 0.554436 
0.24221 0.554436 
0.236797 0.500015 
0.273895 0.500015 
0.236797 0.500015 
0.24221 0.554436 
0.189297 0.595215 
0.189297 0.595215 
0.180511 0.500015 
0.236797 0.500015 
0.180511 0.500015 
0.189297 0.595215 
0.146343 0.619743 
0.146343 0.619743 
0.136929 0.500015 
0.180511 0.500015 
0.136929 0.500015 
0.146343 0.619743 
0.124573 0.630959 
0.124573 0.630959 
0.115475 0.500015 
0.136929 0.500015 
0.276031 0.521896 
0.281845 0.539192 
0.257095 0.596413 
0.257095 0.596413 
0.24221 0.554436 
0.276031 0.521896 
0.24221 0.554436 
0.257095 0.596413 
0.215347 0.668907 
0.215347 0.668907 
0.189297 0.595215 
0.24221 0.554436 
0.189297 0.595215 
0.215347 0.668907 
0.177059 0.715889 
0.177059 0.715889 
0.146343 0.619743 
0.189297 0.595215 
0.146343 0.619743 
0.177059 0.715889 
0.156013 0.738411 
0.156013 0.738411 
0.124573 0.630959 
0.146343 0.619743 
0.281845 0.539192 
0.290382 0.550125 
0.279037 0.621025 
0.279037 0.621025 
0.257095 0.596413 
0.281845 0.539192 
0.257095 0.596413 
0.279037 0.621025 
0.257553 0.710854 
0.257553 0.710854 
0.215347 0.668907 
0.257095 0.596413 
0.215347 0.668907 
0.257553 0.710854 
0.235466 0.773865 
0.235466 0.773865 
0.177059 0.715889 
0.215347 0.668907 
0.177059 0.715889 
0.235466 0.773865 
0.223213 0.806129 
0.223213 0.806129 
0.156013 0.738411 
0.177059 0.715889 
0.290382 0.550125 
0.300598 0.553261 
0.304626 0.625183 
0.304626 0.625183 
0.279037 0.621025 
0.290382 0.550125 
0.279037 0.621025 
0.304626 0.625183 
0.307762 0.713081 
0.307762 0.713081 
0.257553 0.710854 
0.279037 0.621025 
0.257553 0.710854 
0.307762 0.713081 
0.311256 0.775257 
0.311256 0.775257 
0.235466 0.773865 
0.257553 0.710854 
0.235466 0.773865 
0.311256 0.775257 
0.317146 0.806595 
0.317146 0.806595 
0.223213 0.806129 
0.235466 0.773865 
0.300598 0.553261 
0.310402 0.548126 
0.327606 0.609718 
0.327606 0.609718 
0.304626 0.625183 
0.300598 0.553261 
0.304626 0.625183 
0.327606 0.609718 
0.348473 0.680336 
0.348473 0.680336 
0.307762 0.713081 
0.304626 0.625183 
0.307762 0.713081 
0.348473 0.680336 
0.366783 0.727348 
0.366783 0.727348 
0.311256 0.775257 
0.307762 0.713081 
0.311256 0.775257 
0.366783 0.727348 
0.380188 0.749069 
0.380188 0.749069 
0.317146 0.806595 
0.311256 0.775257 
0.310402 0.548126 
0.318001 0.536415 
0.343971 0.580925 
0.343971 0.580925 
0.327606 0.609718 
0.310402 0.548126 
0.327606 0.609718 
0.343971 0.580925 
0.373444 0.629013 
0.373444 0.629013 
0.348473 0.680336 
0.327606 0.609718 
0.348473 0.680336 
0.373444 0.629013 
0.395844 0.659294 
0.395844 0.659294 
0.366783 0.727348 
0.348473 0.680336 
0.366783 0.727348 
0.395844 0.659294 
0.409637 0.672447 
0.409637 0.672447 
0.380188 0.749069 
0.366783 0.727348 
0.318001 0.536415 
0.322914 0.519905 
0.353813 0.543465 
0.353813 0.543465 
0.343971 0.580925 
0.318001 0.536415 
0.343971 0.580925 
0.353813 0.543465 
0.386803 0.567986 
0.386803 0.567986 
0.373444 0.629013 
0.343971 0.580925 
0.373444 0.629013 
0.386803 0.567986 
0.409843 0.582916 
0.409843 0.582916 
0.395844 0.659294 
0.373444 0.629013 
0.395844 0.659294 
0.409843 0.582916 
0.422989 0.589203 
0.422989 0.589203 
0.409637 0.672447 
0.395844 0.659294 
0.322914 0.519905 
0.324669 0.500015 
0.357185 0.500008 
0.357185 0.500008 
0.353813 0.543465 
0.322914 0.519905 
0.353813 0.543465 
0.357185 0.500008 
0.391113 0.500008 
0.391113 0.500008 
0.386803 0.567986 
0.353813 0.543465 
0.386803 0.567986 
0.391113 0.500008 
0.414146 0.500008 
0.414146 0.500008 
0.409843 0.582916 
0.386803 0.567986 
0.409843 0.582916 
0.414146 0.500008 
0.426994 0.500008 
0.426994 0.500008 
0.422989 0.589203 
0.409843 0.582916 
0.324669 0.500015 
0.322914 0.480103 
0.353813 0.456543 
0.353813 0.456543 
0.357185 0.500008 
0.324669 0.500015 
0.357185 0.500008 
0.353813 0.456543 
0.386803 0.432022 
0.386803 0.432022 
0.391113 0.500008 
0.357185 0.500008 
0.391113 0.500008 
0.386803 0.432022 
0.409843 0.417099 
0.409843 0.417099 
0.414146 0.500008 
0.391113 0.500008 
0.414146 0.500008 
0.409843 0.417099 
0.422989 0.410812 
0.422989 0.410812 
0.426994 0.500008 
0.414146 0.500008 
0.322914 0.480103 
0.318001 0.463593 
0.343971 0.419083 
0.343971 0.419083 
0.353813 0.456543 
0.322914 0.480103 
0.353813 0.456543 
0.343971 0.419083 
0.373444 0.371002 
0.373444 0.371002 
0.386803 0.432022 
0.353813 0.456543 
0.386803 0.432022 
0.373444 0.371002 
0.395844 0.340714 
0.395844 0.340714 
0.409843 0.417099 
0.386803 0.432022 
0.409843 0.417099 
0.395844 0.340714 
0.409637 0.32756 
0.409637 0.32756 
0.422989 0.410812 
0.409843 0.417099 
0.318001 0.463593 
0.310402 0.451889 
0.327606 0.390289 
0.327606 0.390289 
0.343971 0.419083 
0.318001 0.463593 
0.343971 0.419083 
0.327606 0.390289 
0.348473 0.319672 
0.348473 0.319672 
0.373444 0.371002 
0.343971 0.419083 
0.373444 0.371002 
0.348473 0.319672 
0.366783 0.272659 
0.366783 0.272659 
0.395844 0.340714 
0.373444 0.371002 
0.395844 0.340714 
0.366783 0.272659 
0.380188 0.250946 
0.380188 0.250946 
0.409637 0.32756 
0.395844 0.340714 
0.310402 0.451889 
0.300598 0.446747 
0.304626 0.374832 
0.304626 0.374832 
0.327606 0.390289 
0.310402 0.451889 
0.327606 0.390289 
0.304626 0.374832 
0.307762 0.286926 
0.307762 0.286926 
0.348473 0.319672 
0.327606 0.390289 
0.348473 0.319672 
0.307762 0.286926 
0.311256 0.224747 
0.311256 0.224747 
0.366783 0.272659 
0.348473 0.319672 
0.366783 0.272659 
0.311256 0.224747 
0.317146 0.19342 
0.317146 0.19342 
0.380188 0.250946 
0.366783 0.272659 
0.300598 0.446747 
0.290382 0.44989 
0.279037 0.378983 
0.279037 0.378983 
0.304626 0.374832 
0.300598 0.446747 
0.304626 0.374832 
0.279037 0.378983 
0.257553 0.289154 
0.257553 0.289154 
0.307762 0.286926 
0.304626 0.374832 
0.307762 0.286926 
0.257553 0.289154 
0.235466 0.226151 
0.235466 0.226151 
0.311256 0.224747 
0.307762 0.286926 
0.311256 0.224747 
0.235466 0.226151 
0.223213 0.193878 
0.223213 0.193878 
0.317146 0.19342 
0.311256 0.224747 
0.290382 0.44989 
0.281845 0.460815 
0.257095 0.403595 
0.257095 0.403595 
0.279037 0.378983 
0.290382 0.44989 
0.279037 0.378983 
0.257095 0.403595 
0.215347 0.3311 
0.215347 0.3311 
0.257553 0.289154 
0.279037 0.378983 
0.257553 0.289154 
0.215347 0.3311 
0.177059 0.284119 
0.177059 0.284119 
0.235466 0.226151 
0.257553 0.289154 
0.235466 0.226151 
0.177059 0.284119 
0.156013 0.261597 
0.156013 0.261597 
0.223213 0.193878 
0.235466 0.226151 
0.281845 0.460815 
0.276031 0.478119 
0.24221 0.445572 
0.24221 0.445572 
0.257095 0.403595 
0.281845 0.460815 
0.257095 0.403595 
0.24221 0.445572 
0.189297 0.4048 
0.189297 0.4048 
0.215347 0.3311 
0.257095 0.403595 
0.215347 0.3311 
0.189297 0.4048 
0.146343 0.380264 
0.146343 0.380264 
0.177059 0.284119 
0.215347 0.3311 
0.177059 0.284119 
0.146343 0.380264 
0.124573 0.369049 
0.124573 0.369049 
0.156013 0.261597 
0.177059 0.284119 
0.276031 0.478119 
0.273895 0.500015 
0.236797 0.500015 
0.236797 0.500015 
0.24221 0.445572 
0.276031 0.478119 
0.24221 0.445572 
0.236797 0.500015 
0.180511 0.500015 
0.180511 0.500015 
0.189297 0.4048 
0.24221 0.445572 
0.189297 0.4048 
0.180511 0.500015 
0.136929 0.500015 
0.136929 0.500015 
0.146343 0.380264 
0.189297 0.4048 
0.146343 0.380264 
0.136929 0.500015 
0.115475 0.500015 
0.115475 0.500015 
0.124573 0.369049 
0.146343 0.380264 
0.712967 0.347275 
0.745697 0.354172 
0.711578 0.495117 
0.745697 0.354172 
0.772568 0.385559 
0.711578 0.495117 
0.772568 0.385559 
0.789932 0.436157 
0.711578 0.495117 
0.789932 0.436157 
0.796066 0.500008 
0.711578 0.495117 
0.796066 0.500008 
0.789932 0.563858 
0.711578 0.495117 
0.789932 0.563858 
0.772568 0.614449 
0.711578 0.495117 
0.711578 0.495117 
0.772568 0.614449 
0.745697 0.645844 
0.745697 0.645844 
0.712967 0.652733 
0.711578 0.495117 
0.711578 0.495117 
0.712967 0.652733 
0.683121 0.634712 
0.711578 0.495117 
0.683121 0.634712 
0.662048 0.599503 
0.711578 0.495117 
0.662048 0.599503 
0.649612 0.553459 
0.711578 0.495117 
0.649612 0.553459 
0.645386 0.500008 
0.711578 0.495117 
0.645386 0.500008 
0.649612 0.446548 
0.711578 0.495117 
0.649612 0.446548 
0.662048 0.400497 
0.711578 0.495117 
0.662048 0.400497 
0.683121 0.365295 
0.711578 0.495117 
0.683121 0.365295 
0.712967 0.347275 
0.310745 0.546562 
0.286629 0.50119 
0.317123 0.525475 
0.317123 0.525475 
0.286629 0.50119 
0.319397 0.500008 
0.319397 0.500008 
0.286629 0.50119 
0.317123 0.474533 
0.317123 0.474533 
0.286629 0.50119 
0.310745 0.453445 
0.310745 0.453445 
0.286629 0.50119 
0.300797 0.438507 
0.300797 0.438507 
0.286629 0.50119 
0.287888 0.431992 
0.287888 0.431992 
0.286629 0.50119 
0.274429 0.43605 
0.274429 0.43605 
0.286629 0.50119 
0.263321 0.450073 
0.263321 0.450073 
0.286629 0.50119 
0.255821 0.472122 
0.255821 0.472122 
0.286629 0.50119 
0.253075 0.500008 
0.253075 0.500008 
0.286629 0.50119 
0.255821 0.527885 
0.255821 0.527885 
0.286629 0.50119 
0.263321 0.549942 
0.286629 0.50119 
0.274429 0.563957 
0.263321 0.549942 
0.274429 0.563957 
0.286629 0.50119 
0.287888 0.568016 
0.287888 0.568016 
0.286629 0.50119 
0.300797 0.561508 
0.300797 0.561508 
0.286629 0.50119 
0.310745 0.546562 
0.317146 0.817505 
0.215923 0.815758 
0.223213 0.806129 
0.317146 0.817505 
0.223213 0.806129 
0.317146 0.806595 
0.991562 0.500008 
0.978958 0.575615 
0.988312 0.55703 
0.988312 0.55703 
0.99646 0.500008 
0.991562 0.500008 
0.99646 0.500008 
0.988312 0.55703 
1.013 0.539139 
1.013 0.539139 
1.01764 0.500008 
0.99646 0.500008 
0.0176563 0.500008 
0.013005 0.539139 
0.0375166 0.52494 
0.0375166 0.52494 
0.0398998 0.500008 
0.0176563 0.500008 
0.0398998 0.500008 
0.0375166 0.52494 
0.0522013 0.517471 
0.0522013 0.517471 
0.0541449 0.500008 
0.0398998 0.500008 
0.978958 0.575615 
0.944092 0.593544 
0.97171 0.571457 
0.97171 0.571457 
0.988312 0.55703 
0.978958 0.575615 
0.988312 0.55703 
0.97171 0.571457 
1.00342 0.549698 
1.00342 0.549698 
1.013 0.539139 
0.988312 0.55703 
0.013005 0.539139 
0.00342202 0.549698 
0.0326385 0.531624 
0.0326385 0.531624 
0.0375166 0.52494 
0.013005 0.539139 
0.0375166 0.52494 
0.0326385 0.531624 
0.0483637 0.521622 
0.0483637 0.521622 
0.0522013 0.517471 
0.0375166 0.52494 
0.944092 0.593544 
0.918823 0.567154 
0.95697 0.550797 
0.95697 0.550797 
0.97171 0.571457 
0.944092 0.593544 
0.97171 0.571457 
0.95697 0.550797 
0.994675 0.535713 
0.994675 0.535713 
1.00342 0.549698 
0.97171 0.571457 
1.00342 0.549698 
0.994675 0.535713 
1.0282 0.522652 
0.0282078 0.522652 
0.0326385 0.531624 
0.00342202 0.549698 
0.0326385 0.531624 
0.0282078 0.522652 
0.0450373 0.515144 
0.0450373 0.515144 
0.0483637 0.521622 
0.0326385 0.531624 
0.918823 0.567154 
0.916962 0.500008 
0.950851 0.500008 
0.950851 0.500008 
0.95697 0.550797 
0.918823 0.567154 
0.95697 0.550797 
0.950851 0.500008 
0.990967 0.500008 
0.990967 0.500008 
0.994675 0.535713 
0.95697 0.550797 
0.994675 0.535713 
0.990967 0.500008 
1.02631 0.500008 
1.02631 0.500008 
1.0282 0.522652 
0.994675 0.535713 
0.0282078 0.522652 
0.0263281 0.500008 
0.0436687 0.500008 
0.0436687 0.500008 
0.0450373 0.515144 
0.0282078 0.522652 
0.916962 0.500008 
0.919022 0.432556 
0.95697 0.449203 
0.95697 0.449203 
0.950851 0.500008 
0.916962 0.500008 
0.950851 0.500008 
0.95697 0.449203 
0.994675 0.464294 
0.994675 0.464294 
0.990967 0.500008 
0.950851 0.500008 
0.990967 0.500008 
0.994675 0.464294 
1.0282 0.477356 
1.0282 0.477356 
1.02631 0.500008 
0.990967 0.500008 
0.0263281 0.500008 
0.0282078 0.477356 
0.0450373 0.484863 
0.0450373 0.484863 
0.0436687 0.500008 
0.0263281 0.500008 
0.919022 0.432556 
0.954315 0.405136 
0.97171 0.428558 
0.97171 0.428558 
0.95697 0.449203 
0.919022 0.432556 
0.95697 0.449203 
0.97171 0.428558 
1.00342 0.450317 
1.00342 0.450317 
0.994675 0.464294 
0.95697 0.449203 
0.994675 0.464294 
1.00342 0.450317 
1.03262 0.468384 
1.03262 0.468384 
1.0282 0.477356 
0.994675 0.464294 
0.0282078 0.477356 
0.0326385 0.468384 
0.0483637 0.478394 
0.0483637 0.478394 
0.0450373 0.484863 
0.0282078 0.477356 
0.954315 0.405136 
0.977753 0.425247 
0.988312 0.442978 
0.988312 0.442978 
0.97171 0.428558 
0.954315 0.405136 
0.97171 0.428558 
0.988312 0.442978 
1.013 0.460876 
1.013 0.460876 
1.00342 0.450317 
0.97171 0.428558 
0.00342202 0.450317 
0.013005 0.460876 
0.0375166 0.475067 
0.0375166 0.475067 
0.0326385 0.468384 
0.00342202 0.450317 
0.0326385 0.468384 
0.0375166 0.475067 
0.0522013 0.482544 
0.0522013 0.482544 
0.0483637 0.478394 
0.0326385 0.468384 
0.977753 0.425247 
0.991562 0.500008 
0.99646 0.500008 
0.99646 0.500008 
0.988312 0.442978 
0.977753 0.425247 
0.988312 0.442978 
0.99646 0.500008 
1.01764 0.500008 
1.01764 0.500008 
1.013 0.460876 
0.988312 0.442978 
0.013005 0.460876 
0.0176563 0.500008 
0.0398998 0.500008 
0.0398998 0.500008 
0.0375166 0.475067 
0.013005 0.460876 
0.0375166 0.475067 
0.0398998 0.500008 
0.0541449 0.500008 
0.0541449 0.500008 
0.0522013 0.482544 
0.0375166 0.475067 
0.0541449 0.500008 
0.0522013 0.517471 
0.0531988 0.515831 
0.0531988 0.515831 
0.055131 0.500008 
0.0541449 0.500008 
0.055131 0.500008 
0.0531988 0.515831 
0.0531425 0.513268 
0.0531425 0.513268 
0.0548363 0.500008 
0.055131 0.500008 
0.0548363 0.500008 
0.0531425 0.513268 
0.0523081 0.511002 
0.0523081 0.511002 
0.0537109 0.500008 
0.0548363 0.500008 
0.0537109 0.500008 
0.0523081 0.511002 
0.0508575 0.510231 
0.0508575 0.510231 
0.0520763 0.500008 
0.0537109 0.500008 
0.0522013 0.517471 
0.0483637 0.521622 
0.0494022 0.519539 
0.0494022 0.519539 
0.0531988 0.515831 
0.0522013 0.517471 
0.0531988 0.515831 
0.0494022 0.519539 
0.0497856 0.516472 
0.0497856 0.516472 
0.0531425 0.513268 
0.0531988 0.515831 
0.0531425 0.513268 
0.0497856 0.516472 
0.0494843 0.513802 
0.0494843 0.513802 
0.0523081 0.511002 
0.0531425 0.513268 
0.0523081 0.511002 
0.0494843 0.513802 
0.0483637 0.512993 
0.0483637 0.512993 
0.0508575 0.510231 
0.0523081 0.511002 
0.0483637 0.521622 
0.0450373 0.515144 
0.0461302 0.513649 
0.0461302 0.513649 
0.0494022 0.519539 
0.0483637 0.521622 
0.0494022 0.519539 
0.0461302 0.513649 
0.0468616 0.511566 
0.0468616 0.511566 
0.0497856 0.516472 
0.0494022 0.519539 
0.0497856 0.516472 
0.0468616 0.511566 
0.0469742 0.509773 
0.0469742 0.509773 
0.0494843 0.513802 
0.0497856 0.516472 
0.0494843 0.513802 
0.0469742 0.509773 
0.0460949 0.5093 
0.0460949 0.5093 
0.0483637 0.512993 
0.0494843 0.513802 
0.0450373 0.515144 
0.0436687 0.500008 
0.0447893 0.500008 
0.0447893 0.500008 
0.0461302 0.513649 
0.0450373 0.515144 
0.0461302 0.513649 
0.0447893 0.500008 
0.0456533 0.500008 
0.0456533 0.500008 
0.0468616 0.511566 
0.0461302 0.513649 
0.0468616 0.511566 
0.0456533 0.500008 
0.0459261 0.500008 
0.0459261 0.500008 
0.0469742 0.509773 
0.0468616 0.511566 
0.0469742 0.509773 
0.0459261 0.500008 
0.0451307 0.500008 
0.0451307 0.500008 
0.0460949 0.5093 
0.0469742 0.509773 
0.0436687 0.500008 
0.0450373 0.484863 
0.0461302 0.486359 
0.0461302 0.486359 
0.0447893 0.500008 
0.0436687 0.500008 
0.0447893 0.500008 
0.0461302 0.486359 
0.0468616 0.488449 
0.0468616 0.488449 
0.0456533 0.500008 
0.0447893 0.500008 
0.0456533 0.500008 
0.0468616 0.488449 
0.0469742 0.490234 
0.0469742 0.490234 
0.0459261 0.500008 
0.0456533 0.500008 
0.0459261 0.500008 
0.0469742 0.490234 
0.0460949 0.490707 
0.0460949 0.490707 
0.0451307 0.500008 
0.0459261 0.500008 
0.0450373 0.484863 
0.0483637 0.478394 
0.0494022 0.480469 
0.0494022 0.480469 
0.0461302 0.486359 
0.0450373 0.484863 
0.0461302 0.486359 
0.0494022 0.480469 
0.0497856 0.483536 
0.0497856 0.483536 
0.0468616 0.488449 
0.0461302 0.486359 
0.0468616 0.488449 
0.0497856 0.483536 
0.0494843 0.486206 
0.0494843 0.486206 
0.0469742 0.490234 
0.0468616 0.488449 
0.0469742 0.490234 
0.0494843 0.486206 
0.0483637 0.487015 
0.0483637 0.487015 
0.0460949 0.490707 
0.0469742 0.490234 
0.0483637 0.478394 
0.0522013 0.482544 
0.0531988 0.484177 
0.0531988 0.484177 
0.0494022 0.480469 
0.0483637 0.478394 
0.0494022 0.480469 
0.0531988 0.484177 
0.0531425 0.48674 
0.0531425 0.48674 
0.0497856 0.483536 
0.0494022 0.480469 
0.0497856 0.483536 
0.0531425 0.48674 
0.0523081 0.489014 
0.0523081 0.489014 
0.0494843 0.486206 
0.0497856 0.483536 
0.0494843 0.486206 
0.0523081 0.489014 
0.0508575 0.489777 
0.0508575 0.489777 
0.0483637 0.487015 
0.0494843 0.486206 
0.0522013 0.482544 
0.0541449 0.500008 
0.055131 0.500008 
0.055131 0.500008 
0.0531988 0.484177 
0.0522013 0.482544 
0.0531988 0.484177 
0.055131 0.500008 
0.0548363 0.500008 
0.0548363 0.500008 
0.0531425 0.48674 
0.0531988 0.484177 
0.0531425 0.48674 
0.0548363 0.500008 
0.0537109 0.500008 
0.0537109 0.500008 
0.0523081 0.489014 
0.0531425 0.48674 
0.0523081 0.489014 
0.0537109 0.500008 
0.0520763 0.500008 
0.0520763 0.500008 
0.0508575 0.489777 
0.0523081 0.489014 
1.00555 0.341553 
0.977753 0.425247 
0.954315 0.405136 
0.954315 0.405136 
0.964554 0.346878 
1.00555 0.341553 
0.964554 0.346878 
0.954315 0.405136 
0.931656 0.356537 
0.931656 0.356537 
0.954315 0.405136 
0.919022 0.432556 
0.931656 0.356537 
0.919022 0.432556 
0.903564 0.367523 
0.931656 0.643478 
0.918823 0.567154 
0.944092 0.593544 
0.964554 0.653137 
0.931656 0.643478 
0.944092 0.593544 
0.964554 0.653137 
0.944092 0.593544 
0.978958 0.575615 
1.00555 0.658463 
0.964554 0.653137 
0.978958 0.575615 
1.00555 0.658463 
0.978958 0.575615 
0.991562 0.500008 
1.00555 0.658463 
0.991562 0.500008 
1.005 0.500008 
1.005 0.500008 
0.991562 0.500008 
1.00555 0.341553 
1.00555 0.341553 
0.991562 0.500008 
0.977753 0.425247 
0.903564 0.367523 
0.919022 0.432556 
0.91095 0.500008 
0.919022 0.432556 
0.916962 0.500008 
0.91095 0.500008 
0.918823 0.567154 
0.91095 0.500008 
0.916962 0.500008 
0.918823 0.567154 
0.903564 0.632484 
0.91095 0.500008 
0.918823 0.567154 
0.931656 0.643478 
0.903564 0.632484 
0.4608 0.500938 
0.457787 0.520866 
0.464592 0.517708 
0.464592 0.517708 
0.466797 0.500801 
0.4608 0.500938 
0.466797 0.500801 
0.464592 0.517708 
0.469963 0.515961 
0.469963 0.515961 
0.471588 0.500725 
0.466797 0.500801 
0.471588 0.500725 
0.469963 0.515961 
0.47625 0.515091 
0.47625 0.515091 
0.477173 0.500687 
0.471588 0.500725 
0.477173 0.500687 
0.47625 0.515091 
0.485405 0.514885 
0.485405 0.514885 
0.485222 0.500679 
0.477173 0.500687 
0.457787 0.520866 
0.451141 0.527504 
0.459862 0.522934 
0.459862 0.522934 
0.464592 0.517708 
0.457787 0.520866 
0.464592 0.517708 
0.459862 0.522934 
0.466515 0.5205 
0.466515 0.5205 
0.469963 0.515961 
0.464592 0.517708 
0.469963 0.515961 
0.466515 0.5205 
0.474304 0.519341 
0.474304 0.519341 
0.47625 0.515091 
0.469963 0.515961 
0.47625 0.515091 
0.474304 0.519341 
0.485794 0.519096 
0.485794 0.519096 
0.485405 0.514885 
0.47625 0.515091 
0.451141 0.527504 
0.444496 0.520874 
0.455292 0.517113 
0.455292 0.517113 
0.459862 0.522934 
0.451141 0.527504 
0.459862 0.522934 
0.455292 0.517113 
0.463242 0.515175 
0.463242 0.515175 
0.466515 0.5205 
0.459862 0.522934 
0.466515 0.5205 
0.463242 0.515175 
0.472458 0.51429 
0.472458 0.51429 
0.474304 0.519341 
0.466515 0.5205 
0.474304 0.519341 
0.472458 0.51429 
0.48616 0.514122 
0.48616 0.514122 
0.485794 0.519096 
0.474304 0.519341 
0.444496 0.520874 
0.441475 0.500938 
0.453262 0.500763 
0.453262 0.500763 
0.455292 0.517113 
0.444496 0.520874 
0.455292 0.517113 
0.453262 0.500763 
0.4618 0.500671 
0.4618 0.500671 
0.463242 0.515175 
0.455292 0.517113 
0.463242 0.515175 
0.4618 0.500671 
0.471649 0.500633 
0.471649 0.500633 
0.472458 0.51429 
0.463242 0.515175 
0.472458 0.51429 
0.471649 0.500633 
0.48632 0.500626 
0.48632 0.500626 
0.48616 0.514122 
0.472458 0.51429 
0.441475 0.500938 
0.444496 0.481003 
0.455292 0.484421 
0.455292 0.484421 
0.453262 0.500763 
0.441475 0.500938 
0.453262 0.500763 
0.455292 0.484421 
0.463242 0.486191 
0.463242 0.486191 
0.4618 0.500671 
0.453262 0.500763 
0.4618 0.500671 
0.463242 0.486191 
0.472458 0.487 
0.472458 0.487 
0.471649 0.500633 
0.4618 0.500671 
0.471649 0.500633 
0.472458 0.487 
0.48616 0.487152 
0.48616 0.487152 
0.48632 0.500626 
0.471649 0.500633 
0.444496 0.481003 
0.451141 0.474365 
0.459862 0.478622 
0.459862 0.478622 
0.455292 0.484421 
0.444496 0.481003 
0.455292 0.484421 
0.459862 0.478622 
0.466515 0.480896 
0.466515 0.480896 
0.463242 0.486191 
0.455292 0.484421 
0.463242 0.486191 
0.466515 0.480896 
0.474304 0.481979 
0.474304 0.481979 
0.472458 0.487 
0.463242 0.486191 
0.472458 0.487 
0.474304 0.481979 
0.485794 0.482208 
0.485794 0.482208 
0.48616 0.487152 
0.472458 0.487 
0.451141 0.474365 
0.457787 0.481003 
0.464592 0.483871 
0.464592 0.483871 
0.459862 0.478622 
0.451141 0.474365 
0.459862 0.478622 
0.464592 0.483871 
0.469963 0.485474 
0.469963 0.485474 
0.466515 0.480896 
0.459862 0.478622 
0.466515 0.480896 
0.469963 0.485474 
0.47625 0.486267 
0.47625 0.486267 
0.474304 0.481979 
0.466515 0.480896 
0.474304 0.481979 
0.47625 0.486267 
0.485405 0.48645 
0.485405 0.48645 
0.485794 0.482208 
0.474304 0.481979 
0.457787 0.481003 
0.4608 0.500938 
0.466797 0.500801 
0.466797 0.500801 
0.464592 0.483871 
0.457787 0.481003 
0.464592 0.483871 
0.466797 0.500801 
0.471588 0.500725 
0.471588 0.500725 
0.469963 0.485474 
0.464592 0.483871 
0.469963 0.485474 
0.471588 0.500725 
0.477173 0.500687 
0.477173 0.500687 
0.47625 0.486267 
0.469963 0.485474 
0.47625 0.486267 
0.477173 0.500687 
0.485222 0.500679 
0.485222 0.500679 
0.485405 0.48645 
0.47625 0.486267 
0.485222 0.500679 
0.485405 0.514885 
0.498436 0.515121 
0.498436 0.515121 
0.497238 0.500687 
0.485222 0.500679 
0.497238 0.500687 
0.498436 0.515121 
0.514099 0.515633 
0.514099 0.515633 
0.512375 0.50071 
0.497238 0.500687 
0.512375 0.50071 
0.514099 0.515633 
0.531387 0.516479 
0.531387 0.516479 
0.529129 0.500748 
0.512375 0.50071 
0.529129 0.500748 
0.531387 0.516479 
0.549515 0.517845 
0.549515 0.517845 
0.543854 0.501106 
0.529129 0.500748 
0.485405 0.514885 
0.485794 0.519096 
0.500977 0.519432 
0.500977 0.519432 
0.498436 0.515121 
0.485405 0.514885 
0.498436 0.515121 
0.500977 0.519432 
0.517792 0.520172 
0.517792 0.520172 
0.514099 0.515633 
0.498436 0.515121 
0.514099 0.515633 
0.517792 0.520172 
0.53627 0.521416 
0.53627 0.521416 
0.531387 0.516479 
0.514099 0.515633 
0.531387 0.516479 
0.53627 0.521416 
0.556885 0.523399 
0.556885 0.523399 
0.549515 0.517845 
0.531387 0.516479 
0.485794 0.519096 
0.48616 0.514122 
0.503387 0.514397 
0.503387 0.514397 
0.500977 0.519432 
0.485794 0.519096 
0.500977 0.519432 
0.503387 0.514397 
0.521332 0.514999 
0.521332 0.514999 
0.517792 0.520172 
0.500977 0.519432 
0.517792 0.520172 
0.521332 0.514999 
0.541016 0.516029 
0.541016 0.516029 
0.53627 0.521416 
0.517792 0.520172 
0.53627 0.521416 
0.541016 0.516029 
0.56311 0.517372 
0.56311 0.517372 
0.556885 0.523399 
0.53627 0.521416 
0.48616 0.514122 
0.48632 0.500626 
0.504456 0.500641 
0.504456 0.500641 
0.503387 0.514397 
0.48616 0.514122 
0.503387 0.514397 
0.504456 0.500641 
0.522888 0.500671 
0.522888 0.500671 
0.521332 0.514999 
0.503387 0.514397 
0.521332 0.514999 
0.522888 0.500671 
0.543137 0.500717 
0.543137 0.500717 
0.541016 0.516029 
0.521332 0.514999 
0.541016 0.516029 
0.543137 0.500717 
0.566116 0.500778 
0.566116 0.500778 
0.56311 0.517372 
0.541016 0.516029 
0.48632 0.500626 
0.48616 0.487152 
0.503387 0.486908 
0.503387 0.486908 
0.504456 0.500641 
0.48632 0.500626 
0.504456 0.500641 
0.503387 0.486908 
0.521332 0.486359 
0.521332 0.486359 
0.522888 0.500671 
0.504456 0.500641 
0.522888 0.500671 
0.521332 0.486359 
0.541016 0.485413 
0.541016 0.485413 
0.543137 0.500717 
0.522888 0.500671 
0.543137 0.500717 
0.541016 0.485413 
0.563339 0.484131 
0.563339 0.484131 
0.566116 0.500778 
0.543137 0.500717 
0.48616 0.487152 
0.485794 0.482208 
0.500977 0.481888 
0.500977 0.481888 
0.503387 0.486908 
0.48616 0.487152 
0.503387 0.486908 
0.500977 0.481888 
0.517792 0.481201 
0.517792 0.481201 
0.521332 0.486359 
0.503387 0.486908 
0.521332 0.486359 
0.517792 0.481201 
0.53627 0.480042 
0.53627 0.480042 
0.541016 0.485413 
0.521332 0.486359 
0.541016 0.485413 
0.53627 0.480042 
0.556885 0.478195 
0.556885 0.478195 
0.563339 0.484131 
0.541016 0.485413 
0.485794 0.482208 
0.485405 0.48645 
0.498436 0.486237 
0.498436 0.486237 
0.500977 0.481888 
0.485794 0.482208 
0.500977 0.481888 
0.498436 0.486237 
0.514099 0.485779 
0.514099 0.485779 
0.517792 0.481201 
0.500977 0.481888 
0.517792 0.481201 
0.514099 0.485779 
0.531387 0.485001 
0.531387 0.485001 
0.53627 0.480042 
0.517792 0.481201 
0.53627 0.480042 
0.531387 0.485001 
0.549515 0.483765 
0.549515 0.483765 
0.556885 0.478195 
0.53627 0.480042 
0.485405 0.48645 
0.485222 0.500679 
0.497238 0.500687 
0.497238 0.500687 
0.498436 0.486237 
0.485405 0.48645 
0.498436 0.486237 
0.497238 0.500687 
0.512375 0.50071 
0.512375 0.50071 
0.514099 0.485779 
0.498436 0.486237 
0.514099 0.485779 
0.512375 0.50071 
0.529129 0.500748 
0.529129 0.500748 
0.531387 0.485001 
0.514099 0.485779 
0.531387 0.485001 
0.529129 0.500748 
0.543854 0.501106 
0.543854 0.501106 
0.549515 0.483765 
0.531387 0.485001 
0.430038 0.593872 
0.451141 0.527504 
0.464821 0.602966 
0.547089 0.395981 
0.567749 0.40126 
0.556885 0.478195 
0.547089 0.604034 
0.556885 0.523399 
0.567749 0.598747 
0.4608 0.500938 
0.464821 0.397049 
0.476883 0.501328 
0.4608 0.500938 
0.476883 0.501328 
0.457787 0.520866 
0.457787 0.520866 
0.476883 0.501328 
0.464821 0.602966 
0.464821 0.602966 
0.451141 0.527504 
0.457787 0.520866 
0.430038 0.593872 
0.444496 0.520874 
0.451141 0.527504 
0.433891 0.500008 
0.441475 0.500938 
0.444496 0.520874 
0.433891 0.500008 
0.444496 0.520874 
0.430038 0.593872 
0.430038 0.406143 
0.444496 0.481003 
0.441475 0.500938 
0.430038 0.406143 
0.441475 0.500938 
0.433891 0.500008 
0.430038 0.406143 
0.451141 0.474365 
0.444496 0.481003 
0.430038 0.406143 
0.464821 0.397049 
0.451141 0.474365 
0.451141 0.474365 
0.464821 0.397049 
0.457787 0.481003 
0.457787 0.481003 
0.464821 0.397049 
0.4608 0.500938 
0.556885 0.478195 
0.567749 0.40126 
0.563339 0.484131 
0.563339 0.484131 
0.570663 0.500008 
0.566116 0.500778 
0.570663 0.500008 
0.56311 0.517372 
0.566116 0.500778 
0.563339 0.484131 
0.567749 0.40126 
0.570663 0.500008 
0.556885 0.523399 
0.56311 0.517372 
0.567749 0.598747 
0.567749 0.598747 
0.56311 0.517372 
0.570663 0.500008 
0.547089 0.395981 
0.556885 0.478195 
0.549515 0.483765 
0.530609 0.503372 
0.549515 0.483765 
0.543854 0.501106 
0.530609 0.503372 
0.547089 0.395981 
0.549515 0.483765 
0.530609 0.503372 
0.543854 0.501106 
0.549515 0.517845 
0.530609 0.503372 
0.549515 0.517845 
0.547089 0.604034 
0.547089 0.604034 
0.549515 0.517845 
0.556885 0.523399 
0.317146 0.18251 
0.380188 0.250946 
0.317146 0.19342 
0.0483637 0.487015 
0.0520763 0.500008 
0.0483637 0.512993 
0.430611 0.500008 
0.427155 0.591141 
0.415169 0.674919 
0.386848 0.753452 
0.317146 0.817505 
0.317146 0.806595 
0.156013 0.738411 
0.223213 0.806129 
0.215923 0.815758 
0.386848 0.753452 
0.317146 0.806595 
0.380188 0.749069 
0.156013 0.738411 
0.215923 0.815758 
0.146931 0.743721 
0.415169 0.674919 
0.386848 0.753452 
0.380188 0.749069 
0.124573 0.630959 
0.156013 0.738411 
0.146931 0.743721 
0.415169 0.674919 
0.380188 0.749069 
0.409637 0.672447 
0.124573 0.630959 
0.146931 0.743721 
0.116199 0.63311 
0.415169 0.674919 
0.409637 0.672447 
0.422989 0.589203 
0.115475 0.500015 
0.124573 0.630959 
0.116199 0.63311 
0.430611 0.500008 
0.415169 0.674919 
0.422989 0.589203 
0.115475 0.500015 
0.116199 0.63311 
0.107464 0.500008 
0.430611 0.500008 
0.422989 0.589203 
0.426994 0.500008 
0.124573 0.369049 
0.115475 0.500015 
0.107464 0.500008 
0.426674 0.40834 
0.430611 0.500008 
0.426994 0.500008 
0.124573 0.369049 
0.107464 0.500008 
0.116199 0.366898 
0.426674 0.40834 
0.426994 0.500008 
0.422989 0.410812 
0.156013 0.261597 
0.124573 0.369049 
0.116199 0.366898 
0.413452 0.322525 
0.426674 0.40834 
0.422989 0.410812 
0.156013 0.261597 
0.116199 0.366898 
0.146931 0.256287 
0.413452 0.322525 
0.422989 0.410812 
0.409637 0.32756 
0.223213 0.193878 
0.156013 0.261597 
0.146931 0.256287 
0.383652 0.24292 
0.413452 0.322525 
0.409637 0.32756 
0.223213 0.193878 
0.146931 0.256287 
0.215923 0.18425 
0.383652 0.24292 
0.409637 0.32756 
0.380188 0.250946 
0.317146 0.19342 
0.223213 0.193878 
0.215923 0.18425 
0.317146 0.18251 
0.383652 0.24292 
0.380188 0.250946 
0.317146 0.19342 
0.215923 0.18425 
0.317146 0.18251 
0.0508575 0.510231 
0.0483637 0.512993 
0.0520763 0.500008 
0.0460949 0.5093 
0.0451307 0.500008 
0.0483637 0.512993 
0.0460949 0.490707 
0.0483637 0.487015 
0.0451307 0.500008 
0.0508575 0.489777 
0.0520763 0.500008 
0.0483637 0.487015 
0.0483637 0.512993 
0.0451307 0.500008 
0.0483637 0.487015 