0.65984 0.681909 
0.642995 0.681909 
0.640199 0.698325 
0.640199 0.698325 
0.656799 0.698325 
0.65984 0.681909 
0.656799 0.698325 
0.640199 0.698325 
0.643445 0.703797 
0.643445 0.703797 
0.660318 0.703797 
0.656799 0.698325 
0.660318 0.703797 
0.643445 0.703797 
0.65005 0.698325 
0.65005 0.698325 
0.667474 0.698325 
0.660318 0.703797 
0.667474 0.698325 
0.65005 0.698325 
0.657321 0.681909 
0.657321 0.681909 
0.675353 0.681909 
0.667474 0.698325 
0.642995 0.681909 
0.59682 0.681909 
0.594676 0.698325 
0.594676 0.698325 
0.640199 0.698325 
0.642995 0.681909 
0.640199 0.698325 
0.594676 0.698325 
0.597167 0.703797 
0.597167 0.703797 
0.643445 0.703797 
0.640199 0.698325 
0.643445 0.703797 
0.597167 0.703797 
0.602251 0.698325 
0.602251 0.698325 
0.65005 0.698325 
0.643445 0.703797 
0.65005 0.698325 
0.602251 0.698325 
0.607842 0.681909 
0.607842 0.681909 
0.657321 0.681909 
0.65005 0.698325 
0.59682 0.681909 
0.527831 0.681909 
0.526644 0.698325 
0.526644 0.698325 
0.594676 0.698325 
0.59682 0.681909 
0.594676 0.698325 
0.526644 0.698325 
0.52802 0.703797 
0.52802 0.703797 
0.597167 0.703797 
0.594676 0.698325 
0.597167 0.703797 
0.52802 0.703797 
0.53083 0.698325 
0.53083 0.698325 
0.602251 0.698325 
0.597167 0.703797 
0.602251 0.698325 
0.53083 0.698325 
0.533929 0.681909 
0.533929 0.681909 
0.607842 0.681909 
0.602251 0.698325 
0.527831 0.681909 
0.442548 0.681909 
0.442548 0.698325 
0.442548 0.698325 
0.526644 0.698325 
0.527831 0.681909 
0.526644 0.698325 
0.442548 0.698325 
0.442548 0.703797 
0.442548 0.703797 
0.52802 0.703797 
0.526644 0.698325 
0.52802 0.703797 
0.442548 0.703797 
0.442548 0.698325 
0.442548 0.698325 
0.53083 0.698325 
0.52802 0.703797 
0.53083 0.698325 
0.442548 0.698325 
0.442548 0.681909 
0.442548 0.681909 
0.533929 0.681909 
0.53083 0.698325 
0.442548 0.681909 
0.351371 0.681909 
0.355961 0.698325 
0.355961 0.698325 
0.442548 0.698325 
0.442548 0.681909 
0.442548 0.698325 
0.355961 0.698325 
0.356339 0.703797 
0.356339 0.703797 
0.442548 0.703797 
0.442548 0.698325 
0.442548 0.703797 
0.356339 0.703797 
0.35418 0.698325 
0.35418 0.698325 
0.442548 0.698325 
0.442548 0.703797 
0.442548 0.698325 
0.35418 0.698325 
0.351167 0.681909 
0.351167 0.681909 
0.442548 0.681909 
0.442548 0.698325 
0.351371 0.681909 
0.283034 0.681909 
0.288218 0.698325 
0.288218 0.698325 
0.355961 0.698325 
0.351371 0.681909 
0.355961 0.698325 
0.288218 0.698325 
0.287278 0.703797 
0.287278 0.703797 
0.356339 0.703797 
0.355961 0.698325 
0.356339 0.703797 
0.287278 0.703797 
0.282773 0.698325 
0.282773 0.698325 
0.35418 0.698325 
0.356339 0.703797 
0.35418 0.698325 
0.282773 0.698325 
0.277255 0.681909 
0.277255 0.681909 
0.351167 0.681909 
0.35418 0.698325 
0.283034 0.681909 
0.240132 0.681909 
0.244071 0.698325 
0.244071 0.698325 
0.288218 0.698325 
0.283034 0.681909 
0.288218 0.698325 
0.244071 0.698325 
0.241406 0.703797 
0.241406 0.703797 
0.287278 0.703797 
0.288218 0.698325 
0.287278 0.703797 
0.241406 0.703797 
0.235019 0.698325 
0.235019 0.698325 
0.282773 0.698325 
0.287278 0.703797 
0.282773 0.698325 
0.235019 0.698325 
0.227791 0.681909 
0.227791 0.681909 
0.277255 0.681909 
0.282773 0.698325 
0.240132 0.681909 
0.225256 0.681909 
0.228298 0.698325 
0.228298 0.698325 
0.244071 0.698325 
0.240132 0.681909 
0.244071 0.698325 
0.228298 0.698325 
0.224778 0.703797 
0.224778 0.703797 
0.241406 0.703797 
0.244071 0.698325 
0.241406 0.703797 
0.224778 0.703797 
0.217623 0.698325 
0.217623 0.698325 
0.235019 0.698325 
0.241406 0.703797 
0.235019 0.698325 
0.217623 0.698325 
0.209744 0.681909 
0.209744 0.681909 
0.227791 0.681909 
0.235019 0.698325 
0.225256 0.681909 
0.242102 0.681909 
0.244897 0.698325 
0.244897 0.698325 
0.228298 0.698325 
0.225256 0.681909 
0.228298 0.698325 
0.244897 0.698325 
0.241652 0.703797 
0.241652 0.703797 
0.224778 0.703797 
0.228298 0.698325 
0.224778 0.703797 
0.241652 0.703797 
0.235062 0.698325 
0.235062 0.698325 
0.217623 0.698325 
0.224778 0.703797 
0.217623 0.698325 
0.235062 0.698325 
0.227791 0.681909 
0.227791 0.681909 
0.209744 0.681909 
0.217623 0.698325 
0.242102 0.681909 
0.288276 0.681909 
0.290436 0.698325 
0.290436 0.698325 
0.244897 0.698325 
0.242102 0.681909 
0.244897 0.698325 
0.290436 0.698325 
0.287929 0.703797 
0.287929 0.703797 
0.241652 0.703797 
0.244897 0.698325 
0.241652 0.703797 
0.287929 0.703797 
0.282845 0.698325 
0.282845 0.698325 
0.235062 0.698325 
0.241652 0.703797 
0.235062 0.698325 
0.282845 0.698325 
0.277255 0.681909 
0.277255 0.681909 
0.227791 0.681909 
0.235062 0.698325 
0.288276 0.681909 
0.357266 0.681909 
0.358453 0.698325 
0.358453 0.698325 
0.290436 0.698325 
0.288276 0.681909 
0.290436 0.698325 
0.358453 0.698325 
0.357077 0.703797 
0.357077 0.703797 
0.287929 0.703797 
0.290436 0.698325 
0.287929 0.703797 
0.357077 0.703797 
0.354267 0.698325 
0.354267 0.698325 
0.282845 0.698325 
0.287929 0.703797 
0.282845 0.698325 
0.354267 0.698325 
0.351167 0.681909 
0.351167 0.681909 
0.277255 0.681909 
0.282845 0.698325 
0.357266 0.681909 
0.442548 0.681909 
0.442548 0.698325 
0.442548 0.698325 
0.358453 0.698325 
0.357266 0.681909 
0.358453 0.698325 
0.442548 0.698325 
0.442548 0.703797 
0.442548 0.703797 
0.357077 0.703797 
0.358453 0.698325 
0.357077 0.703797 
0.442548 0.703797 
0.442548 0.698325 
0.442548 0.698325 
0.354267 0.698325 
0.357077 0.703797 
0.354267 0.698325 
0.442548 0.698325 
0.442548 0.681909 
0.442548 0.681909 
0.351167 0.681909 
0.354267 0.698325 
0.442548 0.681909 
0.527831 0.681909 
0.526644 0.698325 
0.526644 0.698325 
0.442548 0.698325 
0.442548 0.681909 
0.442548 0.698325 
0.526644 0.698325 
0.52802 0.703797 
0.52802 0.703797 
0.442548 0.703797 
0.442548 0.698325 
0.442548 0.703797 
0.52802 0.703797 
0.53083 0.698325 
0.53083 0.698325 
0.442548 0.698325 
0.442548 0.703797 
0.442548 0.698325 
0.53083 0.698325 
0.533929 0.681909 
0.533929 0.681909 
0.442548 0.681909 
0.442548 0.698325 
0.527831 0.681909 
0.59682 0.681909 
0.594676 0.698325 
0.594676 0.698325 
0.526644 0.698325 
0.527831 0.681909 
0.526644 0.698325 
0.594676 0.698325 
0.597167 0.703797 
0.597167 0.703797 
0.52802 0.703797 
0.526644 0.698325 
0.52802 0.703797 
0.597167 0.703797 
0.602251 0.698325 
0.602251 0.698325 
0.53083 0.698325 
0.52802 0.703797 
0.53083 0.698325 
0.602251 0.698325 
0.607842 0.681909 
0.607842 0.681909 
0.533929 0.681909 
0.53083 0.698325 
0.59682 0.681909 
0.642995 0.681909 
0.640199 0.698325 
0.640199 0.698325 
0.594676 0.698325 
0.59682 0.681909 
0.594676 0.698325 
0.640199 0.698325 
0.643445 0.703797 
0.643445 0.703797 
0.597167 0.703797 
0.594676 0.698325 
0.597167 0.703797 
0.643445 0.703797 
0.65005 0.698325 
0.65005 0.698325 
0.602251 0.698325 
0.597167 0.703797 
0.602251 0.698325 
0.65005 0.698325 
0.657321 0.681909 
0.657321 0.681909 
0.607842 0.681909 
0.602251 0.698325 
0.642995 0.681909 
0.65984 0.681909 
0.656799 0.698325 
0.656799 0.698325 
0.640199 0.698325 
0.642995 0.681909 
0.640199 0.698325 
0.656799 0.698325 
0.660318 0.703797 
0.660318 0.703797 
0.643445 0.703797 
0.640199 0.698325 
0.643445 0.703797 
0.660318 0.703797 
0.667474 0.698325 
0.667474 0.698325 
0.65005 0.698325 
0.643445 0.703797 
0.65005 0.698325 
0.667474 0.698325 
0.675353 0.681909 
0.675353 0.681909 
0.657321 0.681909 
0.65005 0.698325 
0.675353 0.681909 
0.657321 0.681909 
0.683594 0.594633 
0.683594 0.594633 
0.703858 0.594634 
0.675353 0.681909 
0.703858 0.594634 
0.683594 0.594633 
0.706538 0.50893 
0.706538 0.50893 
0.728713 0.50893 
0.703858 0.594634 
0.657321 0.681909 
0.607842 0.681909 
0.628077 0.594633 
0.628077 0.594633 
0.683594 0.594633 
0.657321 0.681909 
0.683594 0.594633 
0.628077 0.594633 
0.645719 0.508929 
0.645719 0.508929 
0.706538 0.50893 
0.683594 0.594633 
0.706538 0.50893 
0.645719 0.508929 
0.658204 0.426336 
0.658204 0.426336 
0.722745 0.426336 
0.706538 0.50893 
0.722745 0.426336 
0.658204 0.426336 
0.66294 0.348444 
0.66294 0.348444 
0.728902 0.348444 
0.722745 0.426336 
0.607842 0.681909 
0.533929 0.681909 
0.545111 0.594633 
0.545111 0.594633 
0.628077 0.594633 
0.607842 0.681909 
0.628077 0.594633 
0.545111 0.594633 
0.554874 0.508929 
0.554874 0.508929 
0.645719 0.508929 
0.628077 0.594633 
0.645719 0.508929 
0.554874 0.508929 
0.561768 0.426336 
0.561768 0.426336 
0.658204 0.426336 
0.645719 0.508929 
0.658204 0.426336 
0.561768 0.426336 
0.56439 0.348444 
0.56439 0.348444 
0.66294 0.348444 
0.658204 0.426336 
0.533929 0.681909 
0.442548 0.681909 
0.442548 0.594633 
0.442548 0.594633 
0.545111 0.594633 
0.533929 0.681909 
0.545111 0.594633 
0.442548 0.594633 
0.442548 0.508929 
0.442548 0.508929 
0.554874 0.508929 
0.545111 0.594633 
0.554874 0.508929 
0.442548 0.508929 
0.442548 0.426336 
0.442548 0.426336 
0.561768 0.426336 
0.554874 0.508929 
0.561768 0.426336 
0.442548 0.426336 
0.442548 0.348444 
0.442548 0.348444 
0.56439 0.348444 
0.561768 0.426336 
0.442548 0.681909 
0.351167 0.681909 
0.339986 0.594633 
0.339986 0.594633 
0.442548 0.594633 
0.442548 0.681909 
0.442548 0.594633 
0.339986 0.594633 
0.330238 0.508929 
0.330238 0.508929 
0.442548 0.508929 
0.442548 0.594633 
0.442548 0.508929 
0.330238 0.508929 
0.323329 0.426336 
0.323329 0.426336 
0.442548 0.426336 
0.442548 0.508929 
0.442548 0.426336 
0.323329 0.426336 
0.320707 0.348444 
0.320707 0.348444 
0.442548 0.348444 
0.442548 0.426336 
0.351167 0.681909 
0.277255 0.681909 
0.257021 0.594633 
0.257021 0.594633 
0.339986 0.594633 
0.351167 0.681909 
0.339986 0.594633 
0.257021 0.594633 
0.239379 0.508929 
0.239379 0.508929 
0.330238 0.508929 
0.339986 0.594633 
0.330238 0.508929 
0.239379 0.508929 
0.226893 0.426336 
0.226893 0.426336 
0.323329 0.426336 
0.330238 0.508929 
0.323329 0.426336 
0.226893 0.426336 
0.222157 0.348444 
0.222157 0.348444 
0.320707 0.348444 
0.323329 0.426336 
0.277255 0.681909 
0.227791 0.681909 
0.201502 0.594633 
0.201502 0.594633 
0.257021 0.594633 
0.277255 0.681909 
0.257021 0.594633 
0.201502 0.594633 
0.178574 0.50893 
0.178574 0.50893 
0.239379 0.508929 
0.257021 0.594633 
0.239379 0.508929 
0.178574 0.50893 
0.162351 0.426336 
0.162351 0.426336 
0.226893 0.426336 
0.239379 0.508929 
0.226893 0.426336 
0.162351 0.426336 
0.156195 0.348444 
0.156195 0.348444 
0.222157 0.348444 
0.226893 0.426336 
0.201502 0.594633 
0.170376 0.567615 
0.156384 0.50893 
0.156384 0.50893 
0.178574 0.50893 
0.201502 0.594633 
0.178574 0.50893 
0.156384 0.50893 
0.138814 0.426336 
0.138814 0.426336 
0.162351 0.426336 
0.178574 0.50893 
0.162351 0.426336 
0.138814 0.426336 
0.136874 0.397233 
0.136874 0.397233 
0.156195 0.348444 
0.162351 0.426336 
0.170376 0.567615 
0.201502 0.594634 
0.178574 0.50893 
0.178574 0.50893 
0.156384 0.50893 
0.170376 0.567615 
0.156384 0.50893 
0.178574 0.50893 
0.162351 0.426336 
0.162351 0.426336 
0.138814 0.426336 
0.156384 0.50893 
0.138814 0.426336 
0.162351 0.426336 
0.156195 0.348444 
0.156195 0.348444 
0.136874 0.397233 
0.138814 0.426336 
0.227791 0.681909 
0.277255 0.681909 
0.257021 0.594634 
0.257021 0.594634 
0.201502 0.594634 
0.227791 0.681909 
0.201502 0.594634 
0.257021 0.594634 
0.239379 0.50893 
0.239379 0.50893 
0.178574 0.50893 
0.201502 0.594634 
0.178574 0.50893 
0.239379 0.50893 
0.226893 0.426336 
0.226893 0.426336 
0.162351 0.426336 
0.178574 0.50893 
0.162351 0.426336 
0.226893 0.426336 
0.222157 0.348444 
0.222157 0.348444 
0.156195 0.348444 
0.162351 0.426336 
0.277255 0.681909 
0.351167 0.681909 
0.339986 0.594634 
0.339986 0.594634 
0.257021 0.594634 
0.277255 0.681909 
0.257021 0.594634 
0.339986 0.594634 
0.330238 0.50893 
0.330238 0.50893 
0.239379 0.50893 
0.257021 0.594634 
0.239379 0.50893 
0.330238 0.50893 
0.323329 0.426336 
0.323329 0.426336 
0.226893 0.426336 
0.239379 0.50893 
0.226893 0.426336 
0.323329 0.426336 
0.320707 0.348444 
0.320707 0.348444 
0.222157 0.348444 
0.226893 0.426336 
0.351167 0.681909 
0.442548 0.681909 
0.442548 0.594634 
0.442548 0.594634 
0.339986 0.594634 
0.351167 0.681909 
0.339986 0.594634 
0.442548 0.594634 
0.442548 0.50893 
0.442548 0.50893 
0.330238 0.50893 
0.339986 0.594634 
0.330238 0.50893 
0.442548 0.50893 
0.442548 0.426336 
0.442548 0.426336 
0.323329 0.426336 
0.330238 0.50893 
0.323329 0.426336 
0.442548 0.426336 
0.442548 0.348444 
0.442548 0.348444 
0.320707 0.348444 
0.323329 0.426336 
0.442548 0.681909 
0.533929 0.681909 
0.545111 0.594634 
0.545111 0.594634 
0.442548 0.594634 
0.442548 0.681909 
0.442548 0.594634 
0.545111 0.594634 
0.554874 0.50893 
0.554874 0.50893 
0.442548 0.50893 
0.442548 0.594634 
0.442548 0.50893 
0.554874 0.50893 
0.561768 0.426336 
0.561768 0.426336 
0.442548 0.426336 
0.442548 0.50893 
0.442548 0.426336 
0.561768 0.426336 
0.56439 0.348444 
0.56439 0.348444 
0.442548 0.348444 
0.442548 0.426336 
0.533929 0.681909 
0.607842 0.681909 
0.628077 0.594634 
0.628077 0.594634 
0.545111 0.594634 
0.533929 0.681909 
0.545111 0.594634 
0.628077 0.594634 
0.645719 0.50893 
0.645719 0.50893 
0.554874 0.50893 
0.545111 0.594634 
0.554874 0.50893 
0.645719 0.50893 
0.658204 0.426336 
0.658204 0.426336 
0.561768 0.426336 
0.554874 0.50893 
0.561768 0.426336 
0.658204 0.426336 
0.66294 0.348444 
0.66294 0.348444 
0.56439 0.348444 
0.561768 0.426336 
0.607842 0.681909 
0.657321 0.681909 
0.683594 0.594634 
0.683594 0.594634 
0.628077 0.594634 
0.607842 0.681909 
0.628077 0.594634 
0.683594 0.594634 
0.706538 0.50893 
0.706538 0.50893 
0.645719 0.50893 
0.628077 0.594634 
0.645719 0.50893 
0.706538 0.50893 
0.722745 0.426336 
0.722745 0.426336 
0.658204 0.426336 
0.645719 0.50893 
0.658204 0.426336 
0.722745 0.426336 
0.728902 0.348444 
0.728902 0.348444 
0.66294 0.348444 
0.658204 0.426336 
0.657321 0.681909 
0.675353 0.681909 
0.703858 0.594634 
0.703858 0.594634 
0.683594 0.594634 
0.657321 0.681909 
0.683594 0.594634 
0.703858 0.594634 
0.728713 0.50893 
0.728713 0.50893 
0.706538 0.50893 
0.683594 0.594634 
0.740836 0.282533 
0.717719 0.282533 
0.693111 0.233808 
0.693111 0.233808 
0.714157 0.233808 
0.740836 0.282533 
0.714157 0.233808 
0.693111 0.233808 
0.668502 0.20073 
0.668502 0.20073 
0.687476 0.20073 
0.714157 0.233808 
0.687476 0.20073 
0.668502 0.20073 
0.657321 0.181707 
0.657321 0.181707 
0.675353 0.181707 
0.687476 0.20073 
0.728902 0.348444 
0.66294 0.348444 
0.654336 0.282533 
0.654336 0.282533 
0.717719 0.282533 
0.728902 0.348444 
0.717719 0.282533 
0.654336 0.282533 
0.635391 0.233808 
0.635391 0.233808 
0.693111 0.233808 
0.717719 0.282533 
0.693111 0.233808 
0.635391 0.233808 
0.616446 0.20073 
0.616446 0.20073 
0.668502 0.20073 
0.693111 0.233808 
0.668502 0.20073 
0.616446 0.20073 
0.607842 0.181707 
0.607842 0.181707 
0.657321 0.181707 
0.668502 0.20073 
0.66294 0.348444 
0.56439 0.348444 
0.559624 0.282533 
0.559624 0.282533 
0.654336 0.282533 
0.66294 0.348444 
0.654336 0.282533 
0.559624 0.282533 
0.549152 0.233808 
0.549152 0.233808 
0.635391 0.233808 
0.654336 0.282533 
0.635391 0.233808 
0.549152 0.233808 
0.53868 0.20073 
0.53868 0.20073 
0.616446 0.20073 
0.635391 0.233808 
0.616446 0.20073 
0.53868 0.20073 
0.533929 0.181707 
0.533929 0.181707 
0.607842 0.181707 
0.616446 0.20073 
0.56439 0.348444 
0.442548 0.348444 
0.442548 0.282533 
0.442548 0.282533 
0.559624 0.282533 
0.56439 0.348444 
0.559624 0.282533 
0.442548 0.282533 
0.442548 0.233808 
0.442548 0.233808 
0.549152 0.233808 
0.559624 0.282533 
0.549152 0.233808 
0.442548 0.233808 
0.442548 0.20073 
0.442548 0.20073 
0.53868 0.20073 
0.549152 0.233808 
0.53868 0.20073 
0.442548 0.20073 
0.442548 0.181707 
0.442548 0.181707 
0.533929 0.181707 
0.53868 0.20073 
0.442548 0.348444 
0.320707 0.348444 
0.325473 0.282533 
0.325473 0.282533 
0.442548 0.282533 
0.442548 0.348444 
0.442548 0.282533 
0.325473 0.282533 
0.335945 0.233808 
0.335945 0.233808 
0.442548 0.233808 
0.442548 0.282533 
0.442548 0.233808 
0.335945 0.233808 
0.346417 0.20073 
0.346417 0.20073 
0.442548 0.20073 
0.442548 0.233808 
0.442548 0.20073 
0.346417 0.20073 
0.351167 0.181707 
0.351167 0.181707 
0.442548 0.181707 
0.442548 0.20073 
0.320707 0.348444 
0.222157 0.348444 
0.230775 0.282533 
0.230775 0.282533 
0.325473 0.282533 
0.320707 0.348444 
0.325473 0.282533 
0.230775 0.282533 
0.249705 0.233808 
0.249705 0.233808 
0.335945 0.233808 
0.325473 0.282533 
0.335945 0.233808 
0.249705 0.233808 
0.268651 0.20073 
0.268651 0.20073 
0.346417 0.20073 
0.335945 0.233808 
0.346417 0.20073 
0.268651 0.20073 
0.277255 0.181707 
0.277255 0.181707 
0.351167 0.181707 
0.346417 0.20073 
0.222157 0.348444 
0.156195 0.348444 
0.167377 0.282533 
0.167377 0.282533 
0.230775 0.282533 
0.222157 0.348444 
0.230775 0.282533 
0.167377 0.282533 
0.191986 0.233808 
0.191986 0.233808 
0.249705 0.233808 
0.230775 0.282533 
0.249705 0.233808 
0.191986 0.233808 
0.216595 0.20073 
0.216595 0.20073 
0.268651 0.20073 
0.249705 0.233808 
0.268651 0.20073 
0.216595 0.20073 
0.227791 0.181707 
0.227791 0.181707 
0.277255 0.181707 
0.268651 0.20073 
0.167377 0.282533 
0.152908 0.262046 
0.170941 0.233808 
0.170941 0.233808 
0.191986 0.233808 
0.167377 0.282533 
0.191986 0.233808 
0.170941 0.233808 
0.19762 0.20073 
0.19762 0.20073 
0.216595 0.20073 
0.191986 0.233808 
0.216595 0.20073 
0.19762 0.20073 
0.209744 0.181707 
0.209744 0.181707 
0.227791 0.181707 
0.216595 0.20073 
0.152908 0.262046 
0.167377 0.282533 
0.191986 0.233808 
0.191986 0.233808 
0.170941 0.233808 
0.152908 0.262046 
0.170941 0.233808 
0.191986 0.233808 
0.216595 0.20073 
0.216595 0.20073 
0.19762 0.20073 
0.170941 0.233808 
0.19762 0.20073 
0.216595 0.20073 
0.227791 0.181707 
0.227791 0.181707 
0.209744 0.181707 
0.19762 0.20073 
0.156195 0.348444 
0.222157 0.348444 
0.230775 0.282533 
0.230775 0.282533 
0.167377 0.282533 
0.156195 0.348444 
0.167377 0.282533 
0.230775 0.282533 
0.249705 0.233808 
0.249705 0.233808 
0.191986 0.233808 
0.167377 0.282533 
0.191986 0.233808 
0.249705 0.233808 
0.268651 0.20073 
0.268651 0.20073 
0.216595 0.20073 
0.191986 0.233808 
0.216595 0.20073 
0.268651 0.20073 
0.277255 0.181707 
0.277255 0.181707 
0.227791 0.181707 
0.216595 0.20073 
0.222157 0.348444 
0.320707 0.348444 
0.325473 0.282533 
0.325473 0.282533 
0.230775 0.282533 
0.222157 0.348444 
0.230775 0.282533 
0.325473 0.282533 
0.335945 0.233808 
0.335945 0.233808 
0.249705 0.233808 
0.230775 0.282533 
0.249705 0.233808 
0.335945 0.233808 
0.346417 0.20073 
0.346417 0.20073 
0.268651 0.20073 
0.249705 0.233808 
0.268651 0.20073 
0.346417 0.20073 
0.351167 0.181707 
0.351167 0.181707 
0.277255 0.181707 
0.268651 0.20073 
0.320707 0.348444 
0.442548 0.348444 
0.442548 0.282533 
0.442548 0.282533 
0.325473 0.282533 
0.320707 0.348444 
0.325473 0.282533 
0.442548 0.282533 
0.442548 0.233808 
0.442548 0.233808 
0.335945 0.233808 
0.325473 0.282533 
0.335945 0.233808 
0.442548 0.233808 
0.442548 0.20073 
0.442548 0.20073 
0.346417 0.20073 
0.335945 0.233808 
0.346417 0.20073 
0.442548 0.20073 
0.442548 0.181707 
0.442548 0.181707 
0.351167 0.181707 
0.346417 0.20073 
0.442548 0.348444 
0.56439 0.348444 
0.559624 0.282533 
0.559624 0.282533 
0.442548 0.282533 
0.442548 0.348444 
0.442548 0.282533 
0.559624 0.282533 
0.549152 0.233808 
0.549152 0.233808 
0.442548 0.233808 
0.442548 0.282533 
0.442548 0.233808 
0.549152 0.233808 
0.53868 0.20073 
0.53868 0.20073 
0.442548 0.20073 
0.442548 0.233808 
0.442548 0.20073 
0.53868 0.20073 
0.533929 0.181707 
0.533929 0.181707 
0.442548 0.181707 
0.442548 0.20073 
0.56439 0.348444 
0.66294 0.348444 
0.654336 0.282533 
0.654336 0.282533 
0.559624 0.282533 
0.56439 0.348444 
0.559624 0.282533 
0.654336 0.282533 
0.635391 0.233808 
0.635391 0.233808 
0.549152 0.233808 
0.559624 0.282533 
0.549152 0.233808 
0.635391 0.233808 
0.616446 0.20073 
0.616446 0.20073 
0.53868 0.20073 
0.549152 0.233808 
0.53868 0.20073 
0.616446 0.20073 
0.607842 0.181707 
0.607842 0.181707 
0.533929 0.181707 
0.53868 0.20073 
0.66294 0.348444 
0.728902 0.348444 
0.717719 0.282533 
0.717719 0.282533 
0.654336 0.282533 
0.66294 0.348444 
0.654336 0.282533 
0.717719 0.282533 
0.693111 0.233808 
0.693111 0.233808 
0.635391 0.233808 
0.654336 0.282533 
0.635391 0.233808 
0.693111 0.233808 
0.668502 0.20073 
0.668502 0.20073 
0.616446 0.20073 
0.635391 0.233808 
0.616446 0.20073 
0.668502 0.20073 
0.657321 0.181707 
0.657321 0.181707 
0.607842 0.181707 
0.616446 0.20073 
0.717719 0.282533 
0.740836 0.282533 
0.714157 0.233808 
0.714157 0.233808 
0.693111 0.233808 
0.717719 0.282533 
0.693111 0.233808 
0.714157 0.233808 
0.687476 0.20073 
0.687476 0.20073 
0.668502 0.20073 
0.693111 0.233808 
0.668502 0.20073 
0.687476 0.20073 
0.675353 0.181707 
0.675353 0.181707 
0.657321 0.181707 
0.668502 0.20073 
0.675353 0.181707 
0.657321 0.181707 
0.652453 0.169458 
0.652453 0.169458 
0.67008 0.169458 
0.675353 0.181707 
0.67008 0.169458 
0.652453 0.169458 
0.62644 0.158782 
0.62644 0.158782 
0.641895 0.158782 
0.67008 0.169458 
0.641895 0.158782 
0.62644 0.158782 
0.562174 0.151226 
0.562174 0.151226 
0.572225 0.151226 
0.641895 0.158782 
0.657321 0.181707 
0.607842 0.181707 
0.604091 0.169458 
0.604091 0.169458 
0.652453 0.169458 
0.657321 0.181707 
0.652453 0.169458 
0.604091 0.169458 
0.584088 0.158782 
0.584088 0.158782 
0.62644 0.158782 
0.652453 0.169458 
0.62644 0.158782 
0.584088 0.158782 
0.534624 0.151226 
0.534624 0.151226 
0.562174 0.151226 
0.62644 0.158782 
0.607842 0.181707 
0.533929 0.181707 
0.531858 0.169458 
0.531858 0.169458 
0.604091 0.169458 
0.607842 0.181707 
0.604091 0.169458 
0.531858 0.169458 
0.520792 0.158782 
0.520792 0.158782 
0.584088 0.158782 
0.604091 0.169458 
0.584088 0.158782 
0.520792 0.158782 
0.493446 0.151226 
0.493446 0.151226 
0.534624 0.151226 
0.584088 0.158782 
0.533929 0.181707 
0.442548 0.181707 
0.442548 0.169458 
0.442548 0.169458 
0.531858 0.169458 
0.533929 0.181707 
0.531858 0.169458 
0.442548 0.169458 
0.442548 0.158782 
0.442548 0.158782 
0.520792 0.158782 
0.531858 0.169458 
0.520792 0.158782 
0.442548 0.158782 
0.442548 0.151226 
0.442548 0.151226 
0.493446 0.151226 
0.520792 0.158782 
0.442548 0.181707 
0.351167 0.181707 
0.353239 0.169458 
0.353239 0.169458 
0.442548 0.169458 
0.442548 0.181707 
0.442548 0.169458 
0.353239 0.169458 
0.364304 0.158782 
0.364304 0.158782 
0.442548 0.158782 
0.442548 0.169458 
0.442548 0.158782 
0.364304 0.158782 
0.391651 0.151226 
0.391651 0.151226 
0.442548 0.151226 
0.442548 0.158782 
0.351167 0.181707 
0.277255 0.181707 
0.281006 0.169458 
0.281006 0.169458 
0.353239 0.169458 
0.351167 0.181707 
0.353239 0.169458 
0.281006 0.169458 
0.301023 0.158782 
0.301023 0.158782 
0.364304 0.158782 
0.353239 0.169458 
0.364304 0.158782 
0.301023 0.158782 
0.350472 0.151226 
0.350472 0.151226 
0.391651 0.151226 
0.364304 0.158782 
0.277255 0.181707 
0.227791 0.181707 
0.232657 0.169458 
0.232657 0.169458 
0.281006 0.169458 
0.277255 0.181707 
0.281006 0.169458 
0.232657 0.169458 
0.258657 0.158782 
0.258657 0.158782 
0.301023 0.158782 
0.281006 0.169458 
0.301023 0.158782 
0.258657 0.158782 
0.322924 0.151226 
0.322924 0.151226 
0.350472 0.151226 
0.301023 0.158782 
0.227791 0.181707 
0.209744 0.181707 
0.215016 0.169458 
0.215016 0.169458 
0.232657 0.169458 
0.227791 0.181707 
0.232657 0.169458 
0.215016 0.169458 
0.243202 0.158782 
0.243202 0.158782 
0.258657 0.158782 
0.232657 0.169458 
0.258657 0.158782 
0.243202 0.158782 
0.312871 0.151226 
0.312871 0.151226 
0.322924 0.151226 
0.258657 0.158782 
0.209744 0.181707 
0.227791 0.181707 
0.232657 0.169458 
0.232657 0.169458 
0.215016 0.169458 
0.209744 0.181707 
0.215016 0.169458 
0.232657 0.169458 
0.258657 0.158782 
0.258657 0.158782 
0.243202 0.158782 
0.215016 0.169458 
0.243202 0.158782 
0.258657 0.158782 
0.322924 0.151226 
0.322924 0.151226 
0.312871 0.151226 
0.243202 0.158782 
0.227791 0.181707 
0.277255 0.181707 
0.281006 0.169459 
0.281006 0.169459 
0.232657 0.169458 
0.227791 0.181707 
0.232657 0.169458 
0.281006 0.169459 
0.301023 0.158782 
0.301023 0.158782 
0.258657 0.158782 
0.232657 0.169458 
0.258657 0.158782 
0.301023 0.158782 
0.350472 0.151226 
0.350472 0.151226 
0.322924 0.151226 
0.258657 0.158782 
0.277255 0.181707 
0.351167 0.181707 
0.353239 0.169459 
0.353239 0.169459 
0.281006 0.169459 
0.277255 0.181707 
0.281006 0.169459 
0.353239 0.169459 
0.364304 0.158782 
0.364304 0.158782 
0.301023 0.158782 
0.281006 0.169459 
0.301023 0.158782 
0.364304 0.158782 
0.391651 0.151226 
0.391651 0.151226 
0.350472 0.151226 
0.301023 0.158782 
0.351167 0.181707 
0.442548 0.181707 
0.442548 0.169459 
0.442548 0.169459 
0.353239 0.169459 
0.351167 0.181707 
0.353239 0.169459 
0.442548 0.169459 
0.442548 0.158782 
0.442548 0.158782 
0.364304 0.158782 
0.353239 0.169459 
0.364304 0.158782 
0.442548 0.158782 
0.442548 0.151226 
0.442548 0.151226 
0.391651 0.151226 
0.364304 0.158782 
0.442548 0.181707 
0.533929 0.181707 
0.531858 0.169459 
0.531858 0.169459 
0.442548 0.169459 
0.442548 0.181707 
0.442548 0.169459 
0.531858 0.169459 
0.520792 0.158782 
0.520792 0.158782 
0.442548 0.158782 
0.442548 0.169459 
0.442548 0.158782 
0.520792 0.158782 
0.493446 0.151226 
0.493446 0.151226 
0.442548 0.151226 
0.442548 0.158782 
0.533929 0.181707 
0.607842 0.181707 
0.604091 0.169459 
0.604091 0.169459 
0.531858 0.169459 
0.533929 0.181707 
0.531858 0.169459 
0.604091 0.169459 
0.584088 0.158782 
0.584088 0.158782 
0.520792 0.158782 
0.531858 0.169459 
0.520792 0.158782 
0.584088 0.158782 
0.534624 0.151226 
0.534624 0.151226 
0.493446 0.151226 
0.520792 0.158782 
0.607842 0.181707 
0.657321 0.181707 
0.652453 0.169458 
0.652453 0.169458 
0.604091 0.169459 
0.607842 0.181707 
0.604091 0.169459 
0.652453 0.169458 
0.62644 0.158782 
0.62644 0.158782 
0.584088 0.158782 
0.604091 0.169459 
0.584088 0.158782 
0.62644 0.158782 
0.562174 0.151226 
0.562174 0.151226 
0.534624 0.151226 
0.584088 0.158782 
0.657321 0.181707 
0.675353 0.181707 
0.67008 0.169458 
0.67008 0.169458 
0.652453 0.169458 
0.657321 0.181707 
0.652453 0.169458 
0.67008 0.169458 
0.641895 0.158782 
0.641895 0.158782 
0.62644 0.158782 
0.652453 0.169458 
0.62644 0.158782 
0.641895 0.158782 
0.572225 0.151226 
0.572225 0.151226 
0.562174 0.151226 
0.62644 0.158782 
0.495416 0.837702 
0.491331 0.837702 
0.489101 0.811133 
0.489101 0.811133 
0.492997 0.811133 
0.495416 0.837702 
0.492997 0.811133 
0.489101 0.811133 
0.470749 0.778301 
0.470749 0.778301 
0.47311 0.778301 
0.492997 0.811133 
0.47311 0.778301 
0.470749 0.778301 
0.471184 0.748611 
0.471184 0.748611 
0.473588 0.748611 
0.47311 0.778301 
0.491331 0.837702 
0.480135 0.837702 
0.478411 0.811133 
0.478411 0.811133 
0.489101 0.811133 
0.491331 0.837702 
0.489101 0.811133 
0.478411 0.811133 
0.46426 0.778301 
0.46426 0.778301 
0.470749 0.778301 
0.489101 0.811133 
0.470749 0.778301 
0.46426 0.778301 
0.464593 0.748611 
0.464593 0.748611 
0.471184 0.748611 
0.470749 0.778301 
0.480135 0.837702 
0.463362 0.837702 
0.462392 0.811133 
0.462392 0.811133 
0.478411 0.811133 
0.480135 0.837702 
0.478411 0.811133 
0.462392 0.811133 
0.454556 0.778301 
0.454556 0.778301 
0.46426 0.778301 
0.478411 0.811133 
0.46426 0.778301 
0.454556 0.778301 
0.45473 0.748611 
0.45473 0.748611 
0.464593 0.748611 
0.46426 0.778301 
0.463362 0.837702 
0.442548 0.837702 
0.442548 0.811133 
0.442548 0.811133 
0.462392 0.811133 
0.463362 0.837702 
0.462392 0.811133 
0.442548 0.811133 
0.442548 0.778301 
0.442548 0.778301 
0.454556 0.778301 
0.462392 0.811133 
0.454556 0.778301 
0.442548 0.778301 
0.442548 0.748611 
0.442548 0.748611 
0.45473 0.748611 
0.454556 0.778301 
0.442548 0.837702 
0.421749 0.837702 
0.422705 0.811133 
0.422705 0.811133 
0.442548 0.811133 
0.442548 0.837702 
0.442548 0.811133 
0.422705 0.811133 
0.430541 0.778301 
0.430541 0.778301 
0.442548 0.778301 
0.442548 0.811133 
0.442548 0.778301 
0.430541 0.778301 
0.430367 0.748611 
0.430367 0.748611 
0.442548 0.748611 
0.442548 0.778301 
0.421749 0.837702 
0.404962 0.837702 
0.406685 0.811133 
0.406685 0.811133 
0.422705 0.811133 
0.421749 0.837702 
0.422705 0.811133 
0.406685 0.811133 
0.420837 0.778301 
0.420837 0.778301 
0.430541 0.778301 
0.422705 0.811133 
0.430541 0.778301 
0.420837 0.778301 
0.420518 0.748611 
0.420518 0.748611 
0.430367 0.748611 
0.430541 0.778301 
0.404962 0.837702 
0.393765 0.837702 
0.395996 0.811133 
0.395996 0.811133 
0.406685 0.811133 
0.404962 0.837702 
0.406685 0.811133 
0.395996 0.811133 
0.414362 0.778301 
0.414362 0.778301 
0.420837 0.778301 
0.406685 0.811133 
0.420837 0.778301 
0.414362 0.778301 
0.413913 0.748611 
0.413913 0.748611 
0.420518 0.748611 
0.420837 0.778301 
0.393765 0.837702 
0.389681 0.837702 
0.392114 0.811133 
0.392114 0.811133 
0.395996 0.811133 
0.393765 0.837702 
0.395996 0.811133 
0.392114 0.811133 
0.411987 0.778301 
0.411987 0.778301 
0.414362 0.778301 
0.395996 0.811133 
0.414362 0.778301 
0.411987 0.778301 
0.411509 0.748611 
0.411509 0.748611 
0.413913 0.748611 
0.414362 0.778301 
0.389681 0.837702 
0.393765 0.837702 
0.395996 0.811133 
0.395996 0.811133 
0.392114 0.811133 
0.389681 0.837702 
0.392114 0.811133 
0.395996 0.811133 
0.414362 0.778301 
0.414362 0.778301 
0.411987 0.778301 
0.392114 0.811133 
0.411987 0.778301 
0.414362 0.778301 
0.413913 0.748611 
0.413913 0.748611 
0.411509 0.748611 
0.411987 0.778301 
0.393765 0.837702 
0.404962 0.837702 
0.406685 0.811133 
0.406685 0.811133 
0.395996 0.811133 
0.393765 0.837702 
0.395996 0.811133 
0.406685 0.811133 
0.420837 0.778301 
0.420837 0.778301 
0.414362 0.778301 
0.395996 0.811133 
0.414362 0.778301 
0.420837 0.778301 
0.420518 0.748611 
0.420518 0.748611 
0.413913 0.748611 
0.414362 0.778301 
0.404962 0.837702 
0.421749 0.837702 
0.422705 0.811133 
0.422705 0.811133 
0.406685 0.811133 
0.404962 0.837702 
0.406685 0.811133 
0.422705 0.811133 
0.430541 0.778301 
0.430541 0.778301 
0.420837 0.778301 
0.406685 0.811133 
0.420837 0.778301 
0.430541 0.778301 
0.430367 0.748611 
0.430367 0.748611 
0.420518 0.748611 
0.420837 0.778301 
0.421749 0.837702 
0.442548 0.837702 
0.442548 0.811133 
0.442548 0.811133 
0.422705 0.811133 
0.421749 0.837702 
0.422705 0.811133 
0.442548 0.811133 
0.442548 0.778301 
0.442548 0.778301 
0.430541 0.778301 
0.422705 0.811133 
0.430541 0.778301 
0.442548 0.778301 
0.442548 0.748611 
0.442548 0.748611 
0.430367 0.748611 
0.430541 0.778301 
0.442548 0.837702 
0.463362 0.837702 
0.462392 0.811133 
0.462392 0.811133 
0.442548 0.811133 
0.442548 0.837702 
0.442548 0.811133 
0.462392 0.811133 
0.454556 0.778301 
0.454556 0.778301 
0.442548 0.778301 
0.442548 0.811133 
0.442548 0.778301 
0.454556 0.778301 
0.45473 0.748611 
0.45473 0.748611 
0.442548 0.748611 
0.442548 0.778301 
0.463362 0.837702 
0.480135 0.837702 
0.478411 0.811133 
0.478411 0.811133 
0.462392 0.811133 
0.463362 0.837702 
0.462392 0.811133 
0.478411 0.811133 
0.46426 0.778301 
0.46426 0.778301 
0.454556 0.778301 
0.462392 0.811133 
0.454556 0.778301 
0.46426 0.778301 
0.464593 0.748611 
0.464593 0.748611 
0.45473 0.748611 
0.454556 0.778301 
0.480135 0.837702 
0.491331 0.837702 
0.489101 0.811133 
0.489101 0.811133 
0.478411 0.811133 
0.480135 0.837702 
0.478411 0.811133 
0.489101 0.811133 
0.470749 0.778301 
0.470749 0.778301 
0.46426 0.778301 
0.478411 0.811133 
0.46426 0.778301 
0.470749 0.778301 
0.471184 0.748611 
0.471184 0.748611 
0.464593 0.748611 
0.46426 0.778301 
0.491331 0.837702 
0.495416 0.837702 
0.492997 0.811133 
0.492997 0.811133 
0.489101 0.811133 
0.491331 0.837702 
0.489101 0.811133 
0.492997 0.811133 
0.47311 0.778301 
0.47311 0.778301 
0.470749 0.778301 
0.489101 0.811133 
0.470749 0.778301 
0.47311 0.778301 
0.473588 0.748611 
0.473588 0.748611 
0.471184 0.748611 
0.470749 0.778301 
0.473588 0.748611 
0.471184 0.748611 
0.507872 0.728806 
0.507872 0.728806 
0.513362 0.728806 
0.473588 0.748611 
0.513362 0.728806 
0.507872 0.728806 
0.560667 0.715254 
0.560667 0.715254 
0.570589 0.715254 
0.513362 0.728806 
0.570589 0.715254 
0.560667 0.715254 
0.608102 0.701712 
0.608102 0.701712 
0.622008 0.701712 
0.570589 0.715254 
0.622008 0.701712 
0.608102 0.701712 
0.628685 0.681909 
0.628685 0.681909 
0.644314 0.681909 
0.622008 0.701712 
0.471184 0.748611 
0.464593 0.748611 
0.492823 0.728806 
0.492823 0.728806 
0.507872 0.728806 
0.471184 0.748611 
0.507872 0.728806 
0.492823 0.728806 
0.533466 0.715254 
0.533466 0.715254 
0.560667 0.715254 
0.507872 0.728806 
0.560667 0.715254 
0.533466 0.715254 
0.569966 0.701712 
0.569966 0.701712 
0.608102 0.701712 
0.560667 0.715254 
0.608102 0.701712 
0.569966 0.701712 
0.585797 0.681909 
0.585797 0.681909 
0.628685 0.681909 
0.608102 0.701712 
0.464593 0.748611 
0.45473 0.748611 
0.470344 0.728806 
0.470344 0.728806 
0.492823 0.728806 
0.464593 0.748611 
0.492823 0.728806 
0.470344 0.728806 
0.492809 0.715254 
0.492809 0.715254 
0.533466 0.715254 
0.492823 0.728806 
0.533466 0.715254 
0.492809 0.715254 
0.512985 0.701712 
0.512985 0.701712 
0.569966 0.701712 
0.533466 0.715254 
0.569966 0.701712 
0.512985 0.701712 
0.521748 0.681909 
0.521748 0.681909 
0.585797 0.681909 
0.569966 0.701712 
0.45473 0.748611 
0.442548 0.748611 
0.442548 0.728806 
0.442548 0.728806 
0.470344 0.728806 
0.45473 0.748611 
0.470344 0.728806 
0.442548 0.728806 
0.442548 0.715254 
0.442548 0.715254 
0.492809 0.715254 
0.470344 0.728806 
0.492809 0.715254 
0.442548 0.715254 
0.442548 0.701712 
0.442548 0.701712 
0.512985 0.701712 
0.492809 0.715254 
0.512985 0.701712 
0.442548 0.701712 
0.442548 0.681909 
0.442548 0.681909 
0.521748 0.681909 
0.512985 0.701712 
0.442548 0.748611 
0.430367 0.748611 
0.414753 0.728806 
0.414753 0.728806 
0.442548 0.728806 
0.442548 0.748611 
0.442548 0.728806 
0.414753 0.728806 
0.392288 0.715254 
0.392288 0.715254 
0.442548 0.715254 
0.442548 0.728806 
0.442548 0.715254 
0.392288 0.715254 
0.372111 0.701712 
0.372111 0.701712 
0.442548 0.701712 
0.442548 0.715254 
0.442548 0.701712 
0.372111 0.701712 
0.363363 0.681909 
0.363363 0.681909 
0.442548 0.681909 
0.442548 0.701712 
0.430367 0.748611 
0.420518 0.748611 
0.392273 0.728806 
0.392273 0.728806 
0.414753 0.728806 
0.430367 0.748611 
0.414753 0.728806 
0.392273 0.728806 
0.351645 0.715254 
0.351645 0.715254 
0.392288 0.715254 
0.414753 0.728806 
0.392288 0.715254 
0.351645 0.715254 
0.315131 0.701712 
0.315131 0.701712 
0.372111 0.701712 
0.392288 0.715254 
0.372111 0.701712 
0.315131 0.701712 
0.2993 0.681909 
0.2993 0.681909 
0.363363 0.681909 
0.372111 0.701712 
0.420518 0.748611 
0.413913 0.748611 
0.377225 0.728806 
0.377225 0.728806 
0.392273 0.728806 
0.420518 0.748611 
0.392273 0.728806 
0.377225 0.728806 
0.32443 0.715254 
0.32443 0.715254 
0.351645 0.715254 
0.392273 0.728806 
0.351645 0.715254 
0.32443 0.715254 
0.277008 0.701712 
0.277008 0.701712 
0.315131 0.701712 
0.351645 0.715254 
0.315131 0.701712 
0.277008 0.701712 
0.256426 0.681909 
0.256426 0.681909 
0.2993 0.681909 
0.315131 0.701712 
0.413913 0.748611 
0.411509 0.748611 
0.371735 0.728806 
0.371735 0.728806 
0.377225 0.728806 
0.413913 0.748611 
0.377225 0.728806 
0.371735 0.728806 
0.314508 0.715254 
0.314508 0.715254 
0.32443 0.715254 
0.377225 0.728806 
0.32443 0.715254 
0.314508 0.715254 
0.263089 0.701712 
0.263089 0.701712 
0.277008 0.701712 
0.32443 0.715254 
0.277008 0.701712 
0.263089 0.701712 
0.240783 0.681909 
0.240783 0.681909 
0.256426 0.681909 
0.277008 0.701712 
0.411509 0.748611 
0.413913 0.748611 
0.377225 0.728806 
0.377225 0.728806 
0.371735 0.728806 
0.411509 0.748611 
0.371735 0.728806 
0.377225 0.728806 
0.32443 0.715254 
0.32443 0.715254 
0.314508 0.715254 
0.371735 0.728806 
0.314508 0.715254 
0.32443 0.715254 
0.277008 0.701712 
0.277008 0.701712 
0.263089 0.701712 
0.314508 0.715254 
0.263089 0.701712 
0.277008 0.701712 
0.256426 0.681909 
0.256426 0.681909 
0.240783 0.681909 
0.263089 0.701712 
0.413913 0.748611 
0.420518 0.748611 
0.392273 0.728806 
0.392273 0.728806 
0.377225 0.728806 
0.413913 0.748611 
0.377225 0.728806 
0.392273 0.728806 
0.351645 0.715254 
0.351645 0.715254 
0.32443 0.715254 
0.377225 0.728806 
0.32443 0.715254 
0.351645 0.715254 
0.315131 0.701712 
0.315131 0.701712 
0.277008 0.701712 
0.32443 0.715254 
0.277008 0.701712 
0.315131 0.701712 
0.2993 0.681909 
0.2993 0.681909 
0.256426 0.681909 
0.277008 0.701712 
0.420518 0.748611 
0.430367 0.748611 
0.414753 0.728806 
0.414753 0.728806 
0.392273 0.728806 
0.420518 0.748611 
0.392273 0.728806 
0.414753 0.728806 
0.392288 0.715254 
0.392288 0.715254 
0.351645 0.715254 
0.392273 0.728806 
0.351645 0.715254 
0.392288 0.715254 
0.372111 0.701712 
0.372111 0.701712 
0.315131 0.701712 
0.351645 0.715254 
0.315131 0.701712 
0.372111 0.701712 
0.363363 0.681909 
0.363363 0.681909 
0.2993 0.681909 
0.315131 0.701712 
0.430367 0.748611 
0.442548 0.748611 
0.442548 0.728806 
0.442548 0.728806 
0.414753 0.728806 
0.430367 0.748611 
0.414753 0.728806 
0.442548 0.728806 
0.442548 0.715254 
0.442548 0.715254 
0.392288 0.715254 
0.414753 0.728806 
0.392288 0.715254 
0.442548 0.715254 
0.442548 0.701712 
0.442548 0.701712 
0.372111 0.701712 
0.392288 0.715254 
0.372111 0.701712 
0.442548 0.701712 
0.442548 0.681909 
0.442548 0.681909 
0.363363 0.681909 
0.372111 0.701712 
0.442548 0.748611 
0.45473 0.748611 
0.470344 0.728806 
0.470344 0.728806 
0.442548 0.728806 
0.442548 0.748611 
0.442548 0.728806 
0.470344 0.728806 
0.492809 0.715254 
0.492809 0.715254 
0.442548 0.715254 
0.442548 0.728806 
0.442548 0.715254 
0.492809 0.715254 
0.512985 0.701712 
0.512985 0.701712 
0.442548 0.701712 
0.442548 0.715254 
0.442548 0.701712 
0.512985 0.701712 
0.521748 0.681909 
0.521748 0.681909 
0.442548 0.681909 
0.442548 0.701712 
0.45473 0.748611 
0.464593 0.748611 
0.492823 0.728806 
0.492823 0.728806 
0.470344 0.728806 
0.45473 0.748611 
0.470344 0.728806 
0.492823 0.728806 
0.533466 0.715254 
0.533466 0.715254 
0.492809 0.715254 
0.470344 0.728806 
0.492809 0.715254 
0.533466 0.715254 
0.569966 0.701712 
0.569966 0.701712 
0.512985 0.701712 
0.492809 0.715254 
0.512985 0.701712 
0.569966 0.701712 
0.585797 0.681909 
0.585797 0.681909 
0.521748 0.681909 
0.512985 0.701712 
0.464593 0.748611 
0.471184 0.748611 
0.507872 0.728806 
0.507872 0.728806 
0.492823 0.728806 
0.464593 0.748611 
0.492823 0.728806 
0.507872 0.728806 
0.560667 0.715254 
0.560667 0.715254 
0.533466 0.715254 
0.492823 0.728806 
0.533466 0.715254 
0.560667 0.715254 
0.608102 0.701712 
0.608102 0.701712 
0.569966 0.701712 
0.533466 0.715254 
0.569966 0.701712 
0.608102 0.701712 
0.628685 0.681909 
0.628685 0.681909 
0.585797 0.681909 
0.569966 0.701712 
0.471184 0.748611 
0.473588 0.748611 
0.513362 0.728806 
0.513362 0.728806 
0.507872 0.728806 
0.471184 0.748611 
0.507872 0.728806 
0.513362 0.728806 
0.570589 0.715254 
0.570589 0.715254 
0.560667 0.715254 
0.507872 0.728806 
0.560667 0.715254 
0.570589 0.715254 
0.622008 0.701712 
0.622008 0.701712 
0.608102 0.701712 
0.560667 0.715254 
0.608102 0.701712 
0.622008 0.701712 
0.644314 0.681909 
0.644314 0.681909 
0.628685 0.681909 
0.608102 0.701712 
0.442548 0.151226 
0.493446 0.151226 
0.440492 0.152262 
0.493446 0.151226 
0.534624 0.151226 
0.440492 0.152262 
0.534624 0.151226 
0.562174 0.151226 
0.440492 0.152262 
0.562174 0.151226 
0.572225 0.151226 
0.440492 0.152262 
0.572225 0.151226 
0.562174 0.151226 
0.440492 0.152262 
0.562174 0.151226 
0.534624 0.151226 
0.440492 0.152262 
0.440492 0.152262 
0.534624 0.151226 
0.493446 0.151226 
0.493446 0.151226 
0.442548 0.151226 
0.440492 0.152262 
0.440492 0.152262 
0.442548 0.151226 
0.391651 0.151226 
0.440492 0.152262 
0.391651 0.151226 
0.350472 0.151226 
0.440492 0.152262 
0.350472 0.151226 
0.322924 0.151226 
0.440492 0.152262 
0.322924 0.151226 
0.312871 0.151226 
0.440492 0.152262 
0.312871 0.151226 
0.322924 0.151226 
0.440492 0.152262 
0.322924 0.151226 
0.350472 0.151226 
0.440492 0.152262 
0.350472 0.151226 
0.391651 0.151226 
0.440492 0.152262 
0.391651 0.151226 
0.442548 0.151226 
0.404962 0.837702 
0.442708 0.848774 
0.393765 0.837702 
0.393765 0.837702 
0.442708 0.848774 
0.389681 0.837702 
0.389681 0.837702 
0.442708 0.848774 
0.393765 0.837702 
0.393765 0.837702 
0.442708 0.848774 
0.404962 0.837702 
0.404962 0.837702 
0.442708 0.848774 
0.421749 0.837702 
0.421749 0.837702 
0.442708 0.848774 
0.442548 0.837702 
0.442548 0.837702 
0.442708 0.848774 
0.463362 0.837702 
0.463362 0.837702 
0.442708 0.848774 
0.480135 0.837702 
0.480135 0.837702 
0.442708 0.848774 
0.491331 0.837702 
0.491331 0.837702 
0.442708 0.848774 
0.495416 0.837702 
0.495416 0.837702 
0.442708 0.848774 
0.491331 0.837702 
0.491331 0.837702 
0.442708 0.848774 
0.480135 0.837702 
0.442708 0.848774 
0.463362 0.837702 
0.480135 0.837702 
0.463362 0.837702 
0.442708 0.848774 
0.442548 0.837702 
0.442548 0.837702 
0.442708 0.848774 
0.421749 0.837702 
0.421749 0.837702 
0.442708 0.848774 
0.404962 0.837702 
0.442548 0.681909 
0.527831 0.681909 
0.521748 0.681909 
0.442548 0.681909 
0.521748 0.681909 
0.442548 0.681909 
0.733681 0.480832 
0.735912 0.453642 
0.786534 0.468402 
0.786534 0.468402 
0.780842 0.489649 
0.733681 0.480832 
0.780842 0.489649 
0.786534 0.468402 
0.820384 0.536151 
0.820384 0.536151 
0.813098 0.548527 
0.780842 0.489649 
0.813098 0.548527 
0.820384 0.536151 
0.839677 0.615432 
0.839677 0.615432 
0.830797 0.61991 
0.813098 0.548527 
0.830797 0.61991 
0.839677 0.615432 
0.876148 0.681909 
0.876148 0.681909 
0.861605 0.681909 
0.830797 0.61991 
0.735912 0.453642 
0.738359 0.373453 
0.799034 0.421654 
0.799034 0.421654 
0.786534 0.468402 
0.735912 0.453642 
0.786534 0.468402 
0.799034 0.421654 
0.836388 0.50893 
0.836388 0.50893 
0.820384 0.536151 
0.786534 0.468402 
0.820384 0.536151 
0.836388 0.50893 
0.859172 0.605578 
0.859172 0.605578 
0.839677 0.615432 
0.820384 0.536151 
0.839677 0.615432 
0.859172 0.605578 
0.908157 0.681909 
0.908157 0.681909 
0.876148 0.681909 
0.839677 0.615432 
0.738359 0.373453 
0.734825 0.310407 
0.811533 0.374907 
0.811533 0.374907 
0.799034 0.421654 
0.738359 0.373453 
0.799034 0.421654 
0.811533 0.374907 
0.852394 0.481698 
0.852394 0.481698 
0.836388 0.50893 
0.799034 0.421654 
0.836388 0.50893 
0.852394 0.481698 
0.878682 0.595724 
0.878682 0.595724 
0.859172 0.605578 
0.836388 0.50893 
0.859172 0.605578 
0.878682 0.595724 
0.940182 0.681909 
0.940182 0.681909 
0.908157 0.681909 
0.859172 0.605578 
0.734825 0.310407 
0.746008 0.296021 
0.817226 0.353648 
0.817226 0.353648 
0.811533 0.374907 
0.734825 0.310407 
0.811533 0.374907 
0.817226 0.353648 
0.859664 0.469321 
0.859664 0.469321 
0.852394 0.481698 
0.811533 0.374907 
0.852394 0.481698 
0.859664 0.469321 
0.887547 0.591246 
0.887547 0.591246 
0.878682 0.595724 
0.852394 0.481698 
0.878682 0.595724 
0.887547 0.591246 
0.954725 0.681909 
0.954725 0.681909 
0.940182 0.681909 
0.878682 0.595724 
0.746008 0.296021 
0.733898 0.311722 
0.811533 0.374907 
0.811533 0.374907 
0.817226 0.353648 
0.746008 0.296021 
0.817226 0.353648 
0.811533 0.374907 
0.852394 0.481698 
0.852394 0.481698 
0.859664 0.469321 
0.817226 0.353648 
0.859664 0.469321 
0.852394 0.481698 
0.878682 0.595724 
0.878682 0.595724 
0.887547 0.591246 
0.859664 0.469321 
0.887547 0.591246 
0.878682 0.595724 
0.940182 0.681909 
0.940182 0.681909 
0.954725 0.681909 
0.887547 0.591246 
0.733898 0.311722 
0.739865 0.397179 
0.799034 0.421655 
0.799034 0.421655 
0.811533 0.374907 
0.733898 0.311722 
0.811533 0.374907 
0.799034 0.421655 
0.836388 0.50893 
0.836388 0.50893 
0.852394 0.481698 
0.811533 0.374907 
0.852394 0.481698 
0.836388 0.50893 
0.859172 0.605578 
0.859172 0.605578 
0.878682 0.595724 
0.852394 0.481698 
0.878682 0.595724 
0.859172 0.605578 
0.908157 0.681909 
0.908157 0.681909 
0.940182 0.681909 
0.878682 0.595724 
0.739865 0.397179 
0.738475 0.450533 
0.786534 0.468402 
0.786534 0.468402 
0.799034 0.421655 
0.739865 0.397179 
0.799034 0.421655 
0.786534 0.468402 
0.820384 0.536151 
0.820384 0.536151 
0.836388 0.50893 
0.799034 0.421655 
0.836388 0.50893 
0.820384 0.536151 
0.839677 0.615432 
0.839677 0.615432 
0.859172 0.605578 
0.836388 0.50893 
0.859172 0.605578 
0.839677 0.615432 
0.876148 0.681909 
0.876148 0.681909 
0.908157 0.681909 
0.859172 0.605578 
0.738475 0.450533 
0.733681 0.480832 
0.780842 0.489649 
0.780842 0.489649 
0.786534 0.468402 
0.738475 0.450533 
0.786534 0.468402 
0.780842 0.489649 
0.813098 0.548527 
0.813098 0.548527 
0.820384 0.536151 
0.786534 0.468402 
0.820384 0.536151 
0.813098 0.548527 
0.830797 0.61991 
0.830797 0.61991 
0.839677 0.615432 
0.820384 0.536151 
0.839677 0.615432 
0.830797 0.61991 
0.861605 0.681909 
0.861605 0.681909 
0.876148 0.681909 
0.839677 0.615432 
0.861605 0.681909 
0.876148 0.681909 
0.888344 0.691753 
0.888344 0.691753 
0.872758 0.691292 
0.861605 0.681909 
0.872758 0.691292 
0.888344 0.691753 
0.895629 0.695151 
0.895629 0.695151 
0.881 0.694414 
0.872758 0.691292 
0.881 0.694414 
0.895629 0.695151 
0.895846 0.691934 
0.895846 0.691934 
0.883434 0.691292 
0.881 0.694414 
0.883434 0.691292 
0.895846 0.691934 
0.886822 0.681909 
0.886822 0.681909 
0.877118 0.681909 
0.883434 0.691292 
0.876148 0.681909 
0.908157 0.681909 
0.922628 0.692756 
0.922628 0.692756 
0.888344 0.691753 
0.876148 0.681909 
0.888344 0.691753 
0.922628 0.692756 
0.927813 0.696765 
0.927813 0.696765 
0.895629 0.695151 
0.888344 0.691753 
0.895629 0.695151 
0.927813 0.696765 
0.923164 0.693345 
0.923164 0.693345 
0.895846 0.691934 
0.895629 0.695151 
0.895846 0.691934 
0.923164 0.693345 
0.908157 0.681909 
0.908157 0.681909 
0.886822 0.681909 
0.895846 0.691934 
0.908157 0.681909 
0.940182 0.681909 
0.956912 0.693762 
0.956912 0.693762 
0.922628 0.692756 
0.908157 0.681909 
0.922628 0.692756 
0.956912 0.693762 
0.959983 0.698378 
0.959983 0.698378 
0.927813 0.696765 
0.922628 0.692756 
0.927813 0.696765 
0.959983 0.698378 
0.950496 0.694756 
0.950496 0.694756 
0.923164 0.693345 
0.927813 0.696765 
0.923164 0.693345 
0.950496 0.694756 
0.929508 0.681909 
0.929508 0.681909 
0.908157 0.681909 
0.923164 0.693345 
0.940182 0.681909 
0.954725 0.681909 
0.972482 0.694222 
0.972482 0.694222 
0.956912 0.693762 
0.940182 0.681909 
0.956912 0.693762 
0.972482 0.694222 
0.974612 0.699106 
0.974612 0.699106 
0.959983 0.698378 
0.956912 0.693762 
0.959983 0.698378 
0.974612 0.699106 
0.962908 0.695397 
0.962908 0.695397 
0.950496 0.694756 
0.959983 0.698378 
0.950496 0.694756 
0.962908 0.695397 
0.939212 0.681909 
0.939212 0.681909 
0.929508 0.681909 
0.950496 0.694756 
0.954725 0.681909 
0.940182 0.681909 
0.956912 0.693762 
0.956912 0.693762 
0.972482 0.694222 
0.954725 0.681909 
0.972482 0.694222 
0.956912 0.693762 
0.959983 0.698378 
0.959983 0.698378 
0.974612 0.699106 
0.972482 0.694222 
0.974612 0.699106 
0.959983 0.698378 
0.950496 0.694756 
0.950496 0.694756 
0.962908 0.695397 
0.974612 0.699106 
0.962908 0.695397 
0.950496 0.694756 
0.929508 0.681909 
0.929508 0.681909 
0.939212 0.681909 
0.962908 0.695397 
0.940182 0.681909 
0.908157 0.681909 
0.922628 0.692756 
0.922628 0.692756 
0.956912 0.693762 
0.940182 0.681909 
0.956912 0.693762 
0.922628 0.692756 
0.927813 0.696765 
0.927813 0.696765 
0.959983 0.698378 
0.956912 0.693762 
0.959983 0.698378 
0.927813 0.696765 
0.923164 0.693345 
0.923164 0.693345 
0.950496 0.694756 
0.959983 0.698378 
0.950496 0.694756 
0.923164 0.693345 
0.908157 0.681909 
0.908157 0.681909 
0.929508 0.681909 
0.950496 0.694756 
0.908157 0.681909 
0.876148 0.681909 
0.888344 0.691753 
0.888344 0.691753 
0.922628 0.692756 
0.908157 0.681909 
0.922628 0.692756 
0.888344 0.691753 
0.895629 0.695151 
0.895629 0.695151 
0.927813 0.696765 
0.922628 0.692756 
0.927813 0.696765 
0.895629 0.695151 
0.895846 0.691934 
0.895846 0.691934 
0.923164 0.693345 
0.927813 0.696765 
0.923164 0.693345 
0.895846 0.691934 
0.886822 0.681909 
0.886822 0.681909 
0.908157 0.681909 
0.923164 0.693345 
0.876148 0.681909 
0.861605 0.681909 
0.872758 0.691292 
0.872758 0.691292 
0.888344 0.691753 
0.876148 0.681909 
0.888344 0.691753 
0.872758 0.691292 
0.881 0.694414 
0.881 0.694414 
0.895629 0.695151 
0.888344 0.691753 
0.895629 0.695151 
0.881 0.694414 
0.883434 0.691292 
0.883434 0.691292 
0.895846 0.691934 
0.895629 0.695151 
0.895846 0.691934 
0.883434 0.691292 
0.877118 0.681909 
0.877118 0.681909 
0.886822 0.681909 
0.895846 0.691934 
0.706538 0.50893 
0.738475 0.450533 
0.739865 0.397179 
0.739865 0.397179 
0.722745 0.426336 
0.706538 0.50893 
0.722745 0.426336 
0.739865 0.397179 
0.728902 0.348444 
0.728902 0.348444 
0.739865 0.397179 
0.733898 0.311722 
0.728902 0.348444 
0.733898 0.311722 
0.717719 0.282533 
0.728902 0.348444 
0.734825 0.310407 
0.738359 0.373453 
0.722745 0.426336 
0.728902 0.348444 
0.738359 0.373453 
0.722745 0.426336 
0.738359 0.373453 
0.735912 0.453642 
0.706538 0.50893 
0.722745 0.426336 
0.735912 0.453642 
0.706538 0.50893 
0.735912 0.453642 
0.733681 0.480832 
0.706538 0.50893 
0.733681 0.480832 
0.728713 0.50893 
0.728713 0.50893 
0.733681 0.480832 
0.706538 0.50893 
0.706538 0.50893 
0.733681 0.480832 
0.738475 0.450533 
0.717719 0.282533 
0.733898 0.311722 
0.740836 0.282533 
0.733898 0.311722 
0.746008 0.296021 
0.740836 0.282533 
0.734825 0.310407 
0.740836 0.282533 
0.746008 0.296021 
0.734825 0.310407 
0.717719 0.282533 
0.740836 0.282533 
0.734825 0.310407 
0.728902 0.348444 
0.717719 0.282533 
0.190972 0.609832 
0.192811 0.618072 
0.134064 0.617121 
0.134064 0.617121 
0.135715 0.609008 
0.190972 0.609832 
0.135715 0.609008 
0.134064 0.617121 
0.0909442 0.610452 
0.0909442 0.610452 
0.0948691 0.603248 
0.135715 0.609008 
0.0948691 0.603248 
0.0909442 0.610452 
0.064395 0.592357 
0.064395 0.592357 
0.0695511 0.587601 
0.0948691 0.603248 
0.0695511 0.587601 
0.064395 0.592357 
0.0553272 0.55712 
0.0553272 0.55712 
0.0608751 0.55712 
0.0695511 0.587601 
0.192811 0.618072 
0.196882 0.636198 
0.130442 0.634958 
0.130442 0.634958 
0.134064 0.617121 
0.192811 0.618072 
0.134064 0.617121 
0.130442 0.634958 
0.0823118 0.626312 
0.0823118 0.626312 
0.0909442 0.610452 
0.134064 0.617121 
0.0909442 0.610452 
0.0823118 0.626312 
0.0530101 0.602831 
0.0530101 0.602831 
0.064395 0.592357 
0.0909442 0.610452 
0.064395 0.592357 
0.0530101 0.602831 
0.0431322 0.55712 
0.0431322 0.55712 
0.0553272 0.55712 
0.064395 0.592357 
0.196882 0.636198 
0.200952 0.654314 
0.126822 0.652797 
0.126822 0.652797 
0.130442 0.634958 
0.196882 0.636198 
0.130442 0.634958 
0.126822 0.652797 
0.0736643 0.642161 
0.0736643 0.642161 
0.0823118 0.626312 
0.130442 0.634958 
0.0823118 0.626312 
0.0736643 0.642161 
0.0416394 0.613316 
0.0416394 0.613316 
0.0530101 0.602831 
0.0823118 0.626312 
0.0530101 0.602831 
0.0416394 0.613316 
0.0309362 0.55712 
0.0309362 0.55712 
0.0431322 0.55712 
0.0530101 0.602831 
0.200952 0.654314 
0.202791 0.662553 
0.125184 0.660908 
0.125184 0.660908 
0.126822 0.652797 
0.200952 0.654314 
0.126822 0.652797 
0.125184 0.660908 
0.0697394 0.649375 
0.0697394 0.649375 
0.0736643 0.642161 
0.126822 0.652797 
0.0736643 0.642161 
0.0697394 0.649375 
0.0364832 0.618072 
0.0364832 0.618072 
0.0416394 0.613316 
0.0736643 0.642161 
0.0416394 0.613316 
0.0364832 0.618072 
0.0253883 0.55712 
0.0253883 0.55712 
0.0309362 0.55712 
0.0416394 0.613316 
0.202791 0.662553 
0.200952 0.654314 
0.126822 0.652797 
0.126822 0.652797 
0.125184 0.660908 
0.202791 0.662553 
0.125184 0.660908 
0.126822 0.652797 
0.0736643 0.642161 
0.0736643 0.642161 
0.0697394 0.649375 
0.125184 0.660908 
0.0697394 0.649375 
0.0736643 0.642161 
0.0416394 0.613316 
0.0416394 0.613316 
0.0364832 0.618072 
0.0697394 0.649375 
0.0364832 0.618072 
0.0416394 0.613316 
0.0309362 0.55712 
0.0309362 0.55712 
0.0253883 0.55712 
0.0364832 0.618072 
0.200952 0.654314 
0.196882 0.636198 
0.130442 0.634958 
0.130442 0.634958 
0.126822 0.652797 
0.200952 0.654314 
0.126822 0.652797 
0.130442 0.634958 
0.0823118 0.626312 
0.0823118 0.626312 
0.0736643 0.642161 
0.126822 0.652797 
0.0736643 0.642161 
0.0823118 0.626312 
0.0530101 0.602831 
0.0530101 0.602831 
0.0416394 0.613316 
0.0736643 0.642161 
0.0416394 0.613316 
0.0530101 0.602831 
0.0431322 0.55712 
0.0431322 0.55712 
0.0309362 0.55712 
0.0416394 0.613316 
0.196882 0.636198 
0.192811 0.618072 
0.134064 0.617121 
0.134064 0.617121 
0.130442 0.634958 
0.196882 0.636198 
0.130442 0.634958 
0.134064 0.617121 
0.0909442 0.610452 
0.0909442 0.610452 
0.0823118 0.626312 
0.130442 0.634958 
0.0823118 0.626312 
0.0909442 0.610452 
0.064395 0.592358 
0.064395 0.592358 
0.0530101 0.602831 
0.0823118 0.626312 
0.0530101 0.602831 
0.064395 0.592358 
0.0553272 0.55712 
0.0553272 0.55712 
0.0431322 0.55712 
0.0530101 0.602831 
0.192811 0.618072 
0.190972 0.609832 
0.135715 0.609008 
0.135715 0.609008 
0.134064 0.617121 
0.192811 0.618072 
0.134064 0.617121 
0.135715 0.609008 
0.0948691 0.603248 
0.0948691 0.603248 
0.0909442 0.610452 
0.134064 0.617121 
0.0909442 0.610452 
0.0948691 0.603248 
0.0695511 0.587601 
0.0695511 0.587601 
0.064395 0.592358 
0.0909442 0.610452 
0.064395 0.592358 
0.0695511 0.587601 
0.0608751 0.55712 
0.0608751 0.55712 
0.0553272 0.55712 
0.064395 0.592358 
0.0608751 0.55712 
0.0553272 0.55712 
0.0604548 0.504729 
0.0604548 0.504729 
0.065495 0.509346 
0.0608751 0.55712 
0.065495 0.509346 
0.0604548 0.504729 
0.0765034 0.444654 
0.0765034 0.444654 
0.0800955 0.451687 
0.065495 0.509346 
0.0800955 0.451687 
0.0765034 0.444654 
0.104516 0.385338 
0.104516 0.385338 
0.105776 0.394027 
0.0800955 0.451687 
0.105776 0.394027 
0.104516 0.385338 
0.145506 0.335277 
0.145506 0.335277 
0.141219 0.353233 
0.105776 0.394027 
0.0553272 0.55712 
0.0431322 0.55712 
0.0493599 0.494587 
0.0493599 0.494587 
0.0604548 0.504729 
0.0553272 0.55712 
0.0604548 0.504729 
0.0493599 0.494587 
0.0686384 0.429179 
0.0686384 0.429179 
0.0765034 0.444654 
0.0604548 0.504729 
0.0765034 0.444654 
0.0686384 0.429179 
0.101764 0.366228 
0.101764 0.366228 
0.104516 0.385338 
0.0765034 0.444654 
0.104516 0.385338 
0.101764 0.366228 
0.149576 0.311112 
0.149576 0.311112 
0.145506 0.335277 
0.104516 0.385338 
0.0431322 0.55712 
0.0309362 0.55712 
0.0382793 0.484444 
0.0382793 0.484444 
0.0493599 0.494587 
0.0431322 0.55712 
0.0493599 0.494587 
0.0382793 0.484444 
0.0607591 0.413692 
0.0607591 0.413692 
0.0686384 0.429179 
0.0493599 0.494587 
0.0686384 0.429179 
0.0607591 0.413692 
0.0989975 0.347119 
0.0989975 0.347119 
0.101764 0.366228 
0.0686384 0.429179 
0.101764 0.366228 
0.0989975 0.347119 
0.14723 0.286947 
0.14723 0.286947 
0.149576 0.311112 
0.101764 0.366228 
0.0309362 0.55712 
0.0253883 0.55712 
0.0332391 0.479827 
0.0332391 0.479827 
0.0382793 0.484444 
0.0309362 0.55712 
0.0382793 0.484444 
0.0332391 0.479827 
0.0571812 0.40666 
0.0571812 0.40666 
0.0607591 0.413692 
0.0382793 0.484444 
0.0607591 0.413692 
0.0571812 0.40666 
0.0977377 0.33843 
0.0977377 0.33843 
0.0989975 0.347119 
0.0607591 0.413692 
0.0989975 0.347119 
0.0977377 0.33843 
0.147766 0.275971 
0.147766 0.275971 
0.14723 0.286947 
0.0989975 0.347119 
0.0253883 0.55712 
0.0309362 0.55712 
0.0382793 0.484444 
0.0382793 0.484444 
0.0332391 0.479827 
0.0253883 0.55712 
0.0332391 0.479827 
0.0382793 0.484444 
0.0607591 0.413692 
0.0607591 0.413692 
0.0571812 0.40666 
0.0332391 0.479827 
0.0571812 0.40666 
0.0607591 0.413692 
0.0989975 0.347119 
0.0989975 0.347119 
0.0977377 0.33843 
0.0571812 0.40666 
0.0977377 0.33843 
0.0989975 0.347119 
0.148591 0.286947 
0.148591 0.286947 
0.147766 0.275971 
0.0977377 0.33843 
0.0309362 0.55712 
0.0431322 0.55712 
0.0493599 0.494587 
0.0493599 0.494587 
0.0382793 0.484444 
0.0309362 0.55712 
0.0382793 0.484444 
0.0493599 0.494587 
0.0686384 0.429179 
0.0686384 0.429179 
0.0607591 0.413692 
0.0382793 0.484444 
0.0607591 0.413692 
0.0686384 0.429179 
0.101764 0.366228 
0.101764 0.366228 
0.0989975 0.347119 
0.0607591 0.413692 
0.0989975 0.347119 
0.101764 0.366228 
0.149576 0.311112 
0.149576 0.311112 
0.148591 0.286947 
0.0989975 0.347119 
0.0431322 0.55712 
0.0553272 0.55712 
0.0604548 0.504729 
0.0604548 0.504729 
0.0493599 0.494587 
0.0431322 0.55712 
0.0493599 0.494587 
0.0604548 0.504729 
0.0765034 0.444654 
0.0765034 0.444654 
0.0686384 0.429179 
0.0493599 0.494587 
0.0686384 0.429179 
0.0765034 0.444654 
0.104516 0.385338 
0.104516 0.385338 
0.101764 0.366228 
0.0686384 0.429179 
0.101764 0.366228 
0.104516 0.385338 
0.145506 0.335277 
0.145506 0.335277 
0.149576 0.311112 
0.101764 0.366228 
0.0553272 0.55712 
0.0608751 0.55712 
0.065495 0.509346 
0.065495 0.509346 
0.0604548 0.504729 
0.0553272 0.55712 
0.0604548 0.504729 
0.065495 0.509346 
0.0800955 0.451687 
0.0800955 0.451687 
0.0765034 0.444654 
0.0604548 0.504729 
0.0765034 0.444654 
0.0800955 0.451687 
0.105776 0.394027 
0.105776 0.394027 
0.104516 0.385338 
0.0765034 0.444654 
0.104516 0.385338 
0.105776 0.394027 
0.141219 0.353233 
0.141219 0.353233 
0.145506 0.335277 
0.104516 0.385338 
0.227791 0.681909 
0.196882 0.636198 
0.201502 0.594633 
0.156195 0.348444 
0.167377 0.282533 
0.149576 0.311112 
0.156195 0.348444 
0.149576 0.311112 
0.167377 0.282533 
0.190972 0.609832 
0.201502 0.594634 
0.170376 0.567615 
0.190972 0.609832 
0.170376 0.567615 
0.192811 0.618072 
0.192811 0.618072 
0.170376 0.567615 
0.201502 0.594633 
0.201502 0.594633 
0.196882 0.636198 
0.192811 0.618072 
0.227791 0.681909 
0.200952 0.654314 
0.196882 0.636198 
0.209744 0.681909 
0.202791 0.662553 
0.200952 0.654314 
0.209744 0.681909 
0.200952 0.654314 
0.227791 0.681909 
0.227791 0.681909 
0.200952 0.654314 
0.202791 0.662553 
0.227791 0.681909 
0.202791 0.662553 
0.209744 0.681909 
0.227791 0.681909 
0.196882 0.636198 
0.200952 0.654314 
0.227791 0.681909 
0.201502 0.594634 
0.196882 0.636198 
0.196882 0.636198 
0.201502 0.594634 
0.192811 0.618072 
0.192811 0.618072 
0.201502 0.594634 
0.190972 0.609832 
0.149576 0.311112 
0.167377 0.282533 
0.148591 0.286947 
0.148591 0.286947 
0.152908 0.262046 
0.147766 0.275971 
0.152908 0.262046 
0.14723 0.286947 
0.147766 0.275971 
0.148591 0.286947 
0.167377 0.282533 
0.152908 0.262046 
0.149576 0.311112 
0.14723 0.286947 
0.167377 0.282533 
0.167377 0.282533 
0.14723 0.286947 
0.152908 0.262046 
0.156195 0.348444 
0.149576 0.311112 
0.145506 0.335277 
0.136874 0.397233 
0.145506 0.335277 
0.141219 0.353233 
0.136874 0.397233 
0.156195 0.348444 
0.145506 0.335277 
0.136874 0.397233 
0.141219 0.353233 
0.145506 0.335277 
0.136874 0.397233 
0.145506 0.335277 
0.156195 0.348444 
0.156195 0.348444 
0.145506 0.335277 
0.149576 0.311112 
0.442548 0.681909 
0.363363 0.681909 
0.442548 0.681909 
0.908157 0.681909 
0.877118 0.681909 
0.908157 0.681909 
0.225256 0.681909 
0.240132 0.681909 
0.283034 0.681909 
0.351371 0.681909 
0.442548 0.681909 
0.442548 0.681909 
0.585797 0.681909 
0.521748 0.681909 
0.527831 0.681909 
0.351371 0.681909 
0.442548 0.681909 
0.363363 0.681909 
0.585797 0.681909 
0.527831 0.681909 
0.59682 0.681909 
0.283034 0.681909 
0.351371 0.681909 
0.363363 0.681909 
0.628685 0.681909 
0.585797 0.681909 
0.59682 0.681909 
0.283034 0.681909 
0.363363 0.681909 
0.2993 0.681909 
0.628685 0.681909 
0.59682 0.681909 
0.642995 0.681909 
0.283034 0.681909 
0.2993 0.681909 
0.256426 0.681909 
0.644314 0.681909 
0.628685 0.681909 
0.642995 0.681909 
0.225256 0.681909 
0.283034 0.681909 
0.256426 0.681909 
0.644314 0.681909 
0.642995 0.681909 
0.65984 0.681909 
0.225256 0.681909 
0.256426 0.681909 
0.240783 0.681909 
0.628685 0.681909 
0.644314 0.681909 
0.65984 0.681909 
0.242102 0.681909 
0.225256 0.681909 
0.240783 0.681909 
0.628685 0.681909 
0.65984 0.681909 
0.642995 0.681909 
0.242102 0.681909 
0.240783 0.681909 
0.256426 0.681909 
0.585797 0.681909 
0.628685 0.681909 
0.642995 0.681909 
0.288276 0.681909 
0.242102 0.681909 
0.256426 0.681909 
0.585797 0.681909 
0.642995 0.681909 
0.59682 0.681909 
0.288276 0.681909 
0.256426 0.681909 
0.2993 0.681909 
0.521748 0.681909 
0.585797 0.681909 
0.59682 0.681909 
0.357266 0.681909 
0.288276 0.681909 
0.2993 0.681909 
0.521748 0.681909 
0.59682 0.681909 
0.527831 0.681909 
0.357266 0.681909 
0.2993 0.681909 
0.363363 0.681909 
0.442548 0.681909 
0.521748 0.681909 
0.527831 0.681909 
0.442548 0.681909 
0.357266 0.681909 
0.363363 0.681909 
0.442548 0.681909 
0.527831 0.681909 
0.442548 0.681909 
0.886822 0.681909 
0.908157 0.681909 
0.877118 0.681909 
0.929508 0.681909 
0.939212 0.681909 
0.908157 0.681909 
0.929508 0.681909 
0.908157 0.681909 
0.939212 0.681909 
0.886822 0.681909 
0.877118 0.681909 
0.908157 0.681909 
0.908157 0.681909 
0.939212 0.681909 
0.908157 0.681909 